   3.361056638600000E+00   1.015722932600000E+01   1.014675053200000E+01   4.612604778800000E-01   3.028123027600000E+01
   3.361013597600000E+00   1.015728443300000E+01   1.014680643800000E+01   4.612441543600000E-01   3.028236279900000E+01
   3.360970574500000E+00   1.015733952400000E+01   1.014686232700000E+01   4.612278375300000E-01   3.028349491600000E+01
   3.360884561800000E+00   1.015744965700000E+01   1.014697405600000E+01   4.611952234700000E-01   3.028575805100000E+01
   3.360712715900000E+00   1.015766973600000E+01   1.014719732300000E+01   4.611300718600000E-01   3.029027982100000E+01
   3.360369713100000E+00   1.015810914200000E+01   1.014764308900000E+01   4.610000764900000E-01   3.029930537800000E+01
   3.359856917300000E+00   1.015876638100000E+01   1.014830982700000E+01   4.608058478400000E-01   3.031279905300000E+01
   3.359091543300000E+00   1.015974807700000E+01   1.014930568100000E+01   4.605162066200000E-01   3.033294000800000E+01
   3.357951940900000E+00   1.016121139700000E+01   1.015079003700000E+01   4.600855147100000E-01   3.036293069100000E+01
   3.356261198100000E+00   1.016338608700000E+01   1.015299583900000E+01   4.594477634500000E-01   3.040743050200000E+01
   3.354203870100000E+00   1.016603832300000E+01   1.015568577800000E+01   4.586737075400000E-01   3.046158684200000E+01
   3.352178597400000E+00   1.016865585800000E+01   1.015834026300000E+01   4.579138026100000E-01   3.051490858800000E+01
   3.350184273000000E+00   1.017124000100000E+01   1.016096063500000E+01   4.571675045600000E-01   3.056742540600000E+01
   3.348219830700000E+00   1.017379199700000E+01   1.016354816600000E+01   4.564342985100000E-01   3.061916553700000E+01
   3.346284258300000E+00   1.017631302700000E+01   1.016610406400000E+01   4.557136975100000E-01   3.067015577700000E+01
   3.344376606200000E+00   1.017880421100000E+01   1.016862947500000E+01   4.550052405800000E-01   3.072042150900000E+01
   3.342495954700000E+00   1.018126661700000E+01   1.017112548900000E+01   4.543084904600000E-01   3.076998696600000E+01
   3.340641437100000E+00   1.018370126100000E+01   1.017359314700000E+01   4.536230316800000E-01   3.081887519800000E+01
   3.338812233200000E+00   1.018610910500000E+01   1.017603343100000E+01   4.529484716000000E-01   3.086710802300000E+01
   3.337007549300000E+00   1.018849106700000E+01   1.017844727900000E+01   4.522844370100000E-01   3.091470629500000E+01
   3.335226635400000E+00   1.019084802300000E+01   1.018083558800000E+01   4.516305722300000E-01   3.096168991100000E+01
   3.333468785700000E+00   1.019318080600000E+01   1.018319920700000E+01   4.509865404600000E-01   3.100807770700000E+01
   3.331733305900000E+00   1.019549021100000E+01   1.018553895000000E+01   4.503520205600000E-01   3.105388778800000E+01
   3.330019557800000E+00   1.019777699300000E+01   1.018785558800000E+01   4.497267077200000E-01   3.109913725800000E+01
   3.328326917000000E+00   1.020004187400000E+01   1.019014986000000E+01   4.491103109700000E-01   3.114384255100000E+01
   3.326654779000000E+00   1.020228555000000E+01   1.019242247500000E+01   4.485025520700000E-01   3.118801945600000E+01
   3.325002593400000E+00   1.020450867800000E+01   1.019467410500000E+01   4.479031671900000E-01   3.123168283600000E+01
   3.323369807600000E+00   1.020671188600000E+01   1.019690539300000E+01   4.473119043500000E-01   3.127484704000000E+01
   3.321755900200000E+00   1.020889578200000E+01   1.019911695800000E+01   4.467285217900000E-01   3.131752582800000E+01
   3.320160380600000E+00   1.021106094100000E+01   1.020130938800000E+01   4.461527898400000E-01   3.135973224900000E+01
   3.318582772100000E+00   1.021320791700000E+01   1.020348324900000E+01   4.455844878300000E-01   3.140147889700000E+01
   3.317022614800000E+00   1.021533724000000E+01   1.020563908300000E+01   4.450234052500000E-01   3.144277781900000E+01
   3.315479471500000E+00   1.021744941700000E+01   1.020777740800000E+01   4.444693406900000E-01   3.148364053900000E+01
   3.313952921000000E+00   1.021954493900000E+01   1.020989872300000E+01   4.439221005600000E-01   3.152407816600000E+01
   3.312442561100000E+00   1.022162427000000E+01   1.021200350400000E+01   4.433815002900000E-01   3.156410128700000E+01
   3.310948008400000E+00   1.022368786200000E+01   1.021409221200000E+01   4.428473619100000E-01   3.160372011800000E+01
   3.309468883100000E+00   1.022573614700000E+01   1.021616528800000E+01   4.423195150000000E-01   3.164294451100000E+01
   3.308004827800000E+00   1.022776953800000E+01   1.021822315400000E+01   4.417977967800000E-01   3.168178384600000E+01
   3.306555501600000E+00   1.022978843600000E+01   1.022026622000000E+01   4.412820495300000E-01   3.172024721400000E+01
   3.305120577500000E+00   1.023179322500000E+01   1.022229487600000E+01   4.407721226300000E-01   3.175834330300000E+01
   3.303699725400000E+00   1.023378427600000E+01   1.022430950200000E+01   4.402678708100000E-01   3.179608057400000E+01
   3.302292644500000E+00   1.023576194300000E+01   1.022631046100000E+01   4.397691547200000E-01   3.183346707400000E+01
   3.300899031600000E+00   1.023772657000000E+01   1.022829810200000E+01   4.392758401700000E-01   3.187051062300000E+01
   3.299518612400000E+00   1.023967849100000E+01   1.023027276600000E+01   4.387877972300000E-01   3.190721871600000E+01
   3.298151093400000E+00   1.024161802200000E+01   1.023223477600000E+01   4.383049019500000E-01   3.194359864900000E+01
   3.296796231900000E+00   1.024354547200000E+01   1.023418444900000E+01   4.378270339200000E-01   3.197965732100000E+01
   3.295453751600000E+00   1.024546114100000E+01   1.023612208800000E+01   4.373540772300000E-01   3.201540158700000E+01
   3.294123406500000E+00   1.024736531300000E+01   1.023804798600000E+01   4.368859205200000E-01   3.205083793500000E+01
   3.292804972900000E+00   1.024925826900000E+01   1.023996242700000E+01   4.364224556800000E-01   3.208597260400000E+01
   3.291498198700000E+00   1.025114027500000E+01   1.024186568500000E+01   4.359635788200000E-01   3.212081177100000E+01
   3.290202869600000E+00   1.025301159200000E+01   1.024375802400000E+01   4.355091894600000E-01   3.215536127200000E+01
   3.288918768300000E+00   1.025487247100000E+01   1.024563970100000E+01   4.350591906100000E-01   3.218962679200000E+01
   3.287645686500000E+00   1.025672315500000E+01   1.024751096600000E+01   4.346134879900000E-01   3.222361385700000E+01
   3.286383416800000E+00   1.025856388000000E+01   1.024937205700000E+01   4.341719909300000E-01   3.225732781300000E+01
   3.285131765100000E+00   1.026039487300000E+01   1.025122320600000E+01   4.337346119100000E-01   3.229077379000000E+01
   3.283890536300000E+00   1.026221635600000E+01   1.025306464200000E+01   4.333012655300000E-01   3.232395683600000E+01
   3.282659554500000E+00   1.026402854400000E+01   1.025489658100000E+01   4.328718695700000E-01   3.235688175100000E+01
   3.281438634300000E+00   1.026583164200000E+01   1.025671923500000E+01   4.324463446200000E-01   3.238955324400000E+01
   3.280227603700000E+00   1.026762585400000E+01   1.025853281000000E+01   4.320246133300000E-01   3.242197587100000E+01
   3.279026298500000E+00   1.026941137600000E+01   1.026033750700000E+01   4.316066005800000E-01   3.245415404700000E+01
   3.277834539700000E+00   1.027118839600000E+01   1.026213351700000E+01   4.311922342800000E-01   3.248609210900000E+01
   3.276652184200000E+00   1.027295709900000E+01   1.026392103000000E+01   4.307814437400000E-01   3.251779415900000E+01
   3.275479076600000E+00   1.027471766300000E+01   1.026570022600000E+01   4.303741611000000E-01   3.254926422100000E+01
   3.274315063200000E+00   1.027647026500000E+01   1.026747128700000E+01   4.299703195900000E-01   3.258050627000000E+01
   3.273159998400000E+00   1.027821507100000E+01   1.026923438200000E+01   4.295698554200000E-01   3.261152408900000E+01
   3.272013739500000E+00   1.027995224800000E+01   1.027098968000000E+01   4.291727058800000E-01   3.264232140400000E+01
   3.270876162400000E+00   1.028168195400000E+01   1.027273734400000E+01   4.287788103500000E-01   3.267290175000000E+01
   3.269747111400000E+00   1.028340434500000E+01   1.027447753200000E+01   4.283881102000000E-01   3.270326871700000E+01
   3.268626477200000E+00   1.028511957300000E+01   1.027621039900000E+01   4.280005478200000E-01   3.273342562900000E+01
   3.267514120300000E+00   1.028682778600000E+01   1.027793609600000E+01   4.276160676700000E-01   3.276337585600000E+01
   3.266409925200000E+00   1.028852912600000E+01   1.027965476900000E+01   4.272346155400000E-01   3.279312258700000E+01
   3.265313764400000E+00   1.029022373400000E+01   1.028136656000000E+01   4.268561390800000E-01   3.282266898000000E+01
   3.264225526100000E+00   1.029191174700000E+01   1.028307160900000E+01   4.264805866500000E-01   3.285201809000000E+01
   3.263145101900000E+00   1.029359329600000E+01   1.028477005000000E+01   4.261079086300000E-01   3.288117284900000E+01
   3.262072376300000E+00   1.029526851100000E+01   1.028646201600000E+01   4.257380566500000E-01   3.291013617000000E+01
   3.261007238700000E+00   1.029693751900000E+01   1.028814763600000E+01   4.253709830900000E-01   3.293891091000000E+01
   3.259949587600000E+00   1.029860044200000E+01   1.028982703500000E+01   4.250066422800000E-01   3.296749978100000E+01
   3.258899323200000E+00   1.030025740100000E+01   1.029150033600000E+01   4.246449890300000E-01   3.299590547200000E+01
   3.257856341700000E+00   1.030190851400000E+01   1.029316765800000E+01   4.242859797500000E-01   3.302413061100000E+01
   3.256820548100000E+00   1.030355389500000E+01   1.029482911900000E+01   4.239295719300000E-01   3.305217773100000E+01
   3.255791842400000E+00   1.030519365500000E+01   1.029648483100000E+01   4.235757240600000E-01   3.308004934100000E+01
   3.254770141200000E+00   1.030682790400000E+01   1.029813490600000E+01   4.232243956600000E-01   3.310774782200000E+01
   3.253755349400000E+00   1.030845674800000E+01   1.029977945400000E+01   4.228755471400000E-01   3.313527557000000E+01
   3.252747379500000E+00   1.031008029200000E+01   1.030141857900000E+01   4.225291400500000E-01   3.316263488900000E+01
   3.251746145000000E+00   1.031169863700000E+01   1.030305238700000E+01   4.221851368300000E-01   3.318982803200000E+01
   3.250751561300000E+00   1.031331188200000E+01   1.030468097700000E+01   4.218435008700000E-01   3.321685720000000E+01
   3.249763546100000E+00   1.031492012700000E+01   1.030630445100000E+01   4.215041961200000E-01   3.324372456100000E+01
   3.248782022900000E+00   1.031652346600000E+01   1.030792290500000E+01   4.211671875100000E-01   3.327043220300000E+01
   3.247806909600000E+00   1.031812199100000E+01   1.030953643300000E+01   4.208324413800000E-01   3.329698216600000E+01
   3.246838136200000E+00   1.031971579400000E+01   1.031114513000000E+01   4.204999240000000E-01   3.332337644600000E+01
   3.245875616100000E+00   1.032130496400000E+01   1.031274908400000E+01   4.201696029500000E-01   3.334961705300000E+01
   3.244919291300000E+00   1.032288958900000E+01   1.031434838600000E+01   4.198414463400000E-01   3.337570582900000E+01
   3.243969076200000E+00   1.032446975500000E+01   1.031594312400000E+01   4.195154228600000E-01   3.340164473100000E+01
   3.243024906400000E+00   1.032604554400000E+01   1.031753338100000E+01   4.191915023900000E-01   3.342743554400000E+01
   3.242086721400000E+00   1.032761703900000E+01   1.031911924200000E+01   4.188696550200000E-01   3.345308003000000E+01
   3.241154441000000E+00   1.032918432100000E+01   1.032070078800000E+01   4.185498516600000E-01   3.347858000900000E+01
   3.240228014400000E+00   1.033074746800000E+01   1.032227810100000E+01   4.182320638600000E-01   3.350393712300000E+01
   3.239307366100000E+00   1.033230655800000E+01   1.032385125800000E+01   4.179162638600000E-01   3.352915310400000E+01
   3.238392437600000E+00   1.033386166500000E+01   1.032542033700000E+01   4.176024243600000E-01   3.355422957500000E+01
   3.237483166600000E+00   1.033541286600000E+01   1.032698541400000E+01   4.172905186300000E-01   3.357916815700000E+01
   3.236579497700000E+00   1.033696023200000E+01   1.032854656200000E+01   4.169805206900000E-01   3.360397039200000E+01
   3.235681372800000E+00   1.033850383400000E+01   1.033010385400000E+01   4.166724050600000E-01   3.362863781500000E+01
   3.234788724100000E+00   1.034004374200000E+01   1.033165736100000E+01   4.163661467600000E-01   3.365317198600000E+01
   3.233901505200000E+00   1.034158002800000E+01   1.033320715500000E+01   4.160617210500000E-01   3.367757434900000E+01
   3.233019660500000E+00   1.034311275500000E+01   1.033475330300000E+01   4.157591042900000E-01   3.370184633200000E+01
   3.232143136700000E+00   1.034464199200000E+01   1.033629587300000E+01   4.154582728000000E-01   3.372598936400000E+01
   3.231271873800000E+00   1.034616780500000E+01   1.033783493200000E+01   4.151592034100000E-01   3.375000488000000E+01
   3.230405826400000E+00   1.034769025500000E+01   1.033937054300000E+01   4.148618739400000E-01   3.377389418600000E+01
   3.229544942100000E+00   1.034920940600000E+01   1.034090277300000E+01   4.145662620800000E-01   3.379765864000000E+01
   3.228689172000000E+00   1.035072532100000E+01   1.034243168100000E+01   4.142723462800000E-01   3.382129953700000E+01
   3.227838464700000E+00   1.035223805800000E+01   1.034395733200000E+01   4.139801052900000E-01   3.384481817600000E+01
   3.226992778600000E+00   1.035374768000000E+01   1.034547978600000E+01   4.136895181200000E-01   3.386821579500000E+01
   3.226152061800000E+00   1.035525424300000E+01   1.034699910100000E+01   4.134005645900000E-01   3.389149363700000E+01
   3.225316267300000E+00   1.035675780400000E+01   1.034851533700000E+01   4.131132246200000E-01   3.391465292200000E+01
   3.224485356600000E+00   1.035825842200000E+01   1.035002855100000E+01   4.128274786400000E-01   3.393769479900000E+01
   3.223659284400000E+00   1.035975615200000E+01   1.035153880100000E+01   4.125433071900000E-01   3.396062045100000E+01
   3.222838003900000E+00   1.036125104800000E+01   1.035304614100000E+01   4.122606915200000E-01   3.398343102700000E+01
   3.222021471200000E+00   1.036274316400000E+01   1.035455062600000E+01   4.119796131200000E-01   3.400612765400000E+01
   3.221209650700000E+00   1.036423255200000E+01   1.035605231100000E+01   4.117000538400000E-01   3.402871139700000E+01
   3.220402500100000E+00   1.036571926700000E+01   1.035755124800000E+01   4.114219956800000E-01   3.405118335100000E+01
   3.219599974600000E+00   1.036720335900000E+01   1.035904749100000E+01   4.111454211400000E-01   3.407354459800000E+01
   3.218802039500000E+00   1.036868487800000E+01   1.036054109000000E+01   4.108703131000000E-01   3.409579614800000E+01
   3.218008655300000E+00   1.037016387300000E+01   1.036203209600000E+01   4.105966546600000E-01   3.411793902700000E+01
   3.217219782300000E+00   1.037164039600000E+01   1.036352055800000E+01   4.103244291400000E-01   3.413997425000000E+01
   3.216435391600000E+00   1.037311449300000E+01   1.036500652700000E+01   4.100536203400000E-01   3.416190275300000E+01
   3.215655438900000E+00   1.037458621100000E+01   1.036649005000000E+01   4.097842122400000E-01   3.418372554400000E+01
   3.214879883200000E+00   1.037605559900000E+01   1.036797117500000E+01   4.095161891800000E-01   3.420544359400000E+01
   3.214108709800000E+00   1.037752270200000E+01   1.036944994900000E+01   4.092495355900000E-01   3.422705773900000E+01
   3.213341860900000E+00   1.037898756600000E+01   1.037092641900000E+01   4.089842362900000E-01   3.424856901200000E+01
   3.212579320400000E+00   1.038045023500000E+01   1.037240063000000E+01   4.087202764900000E-01   3.426997821600000E+01
   3.211821042100000E+00   1.038191075500000E+01   1.037387262700000E+01   4.084576414600000E-01   3.429128630300000E+01
   3.211067001700000E+00   1.038336916800000E+01   1.037534245400000E+01   4.081963169200000E-01   3.431249409200000E+01
   3.210317166800000E+00   1.038482551700000E+01   1.037681015600000E+01   4.079362886000000E-01   3.433360244400000E+01
   3.209571500200000E+00   1.038627984600000E+01   1.037827577500000E+01   4.076775425600000E-01   3.435461222900000E+01
   3.208829976000000E+00   1.038773219600000E+01   1.037973935400000E+01   4.074200651900000E-01   3.437552423800000E+01
   3.208092565300000E+00   1.038918260800000E+01   1.038120093600000E+01   4.071638429800000E-01   3.439633927900000E+01
   3.207359231200000E+00   1.039063112300000E+01   1.038266056000000E+01   4.069088628100000E-01   3.441705817600000E+01
   3.206629954400000E+00   1.039207778100000E+01   1.038411827000000E+01   4.066551115400000E-01   3.443768166800000E+01
   3.205904700000000E+00   1.039352262300000E+01   1.038557410400000E+01   4.064025764500000E-01   3.445821055100000E+01
   3.205183439100000E+00   1.039496568700000E+01   1.038702810300000E+01   4.061512448600000E-01   3.447864558900000E+01
   3.204466149200000E+00   1.039640701300000E+01   1.038848030600000E+01   4.059011044600000E-01   3.449898749500000E+01
   3.203752794600000E+00   1.039784663800000E+01   1.038993075200000E+01   4.056521430500000E-01   3.451923704400000E+01
   3.203043360800000E+00   1.039928459900000E+01   1.039137948000000E+01   4.054043487300000E-01   3.453939488400000E+01
   3.202337810300000E+00   1.040072093500000E+01   1.039282652600000E+01   4.051577096700000E-01   3.455946178400000E+01
   3.201636123400000E+00   1.040215568300000E+01   1.039427193000000E+01   4.049122141100000E-01   3.457943841500000E+01
   3.200938271900000E+00   1.040358887900000E+01   1.039571572800000E+01   4.046678506700000E-01   3.459932547300000E+01
   3.200244228200000E+00   1.040502055800000E+01   1.039715795600000E+01   4.044246081900000E-01   3.461912363900000E+01
   3.199553980200000E+00   1.040645075700000E+01   1.039859865000000E+01   4.041824756000000E-01   3.463883350900000E+01
   3.198867486100000E+00   1.040787951100000E+01   1.040003784800000E+01   4.039414418600000E-01   3.465845583500000E+01
   3.198184732900000E+00   1.040930685500000E+01   1.040147558300000E+01   4.037014963900000E-01   3.467799119200000E+01
   3.197505699900000E+00   1.041073282200000E+01   1.040291189100000E+01   4.034626285400000E-01   3.469744020200000E+01
   3.196830355100000E+00   1.041215744700000E+01   1.040434680500000E+01   4.032248279900000E-01   3.471680352600000E+01
   3.196158685700000E+00   1.041358076400000E+01   1.040578036200000E+01   4.029880843600000E-01   3.473608173300000E+01
   3.195490661000000E+00   1.041500280700000E+01   1.040721259500000E+01   4.027523874600000E-01   3.475527547400000E+01
   3.194826269500000E+00   1.041642360700000E+01   1.040864353500000E+01   4.025177276500000E-01   3.477438526600000E+01
   3.194165480100000E+00   1.041784319800000E+01   1.041007321800000E+01   4.022840949300000E-01   3.479341175500000E+01
   3.193508271800000E+00   1.041926161200000E+01   1.041150167600000E+01   4.020514796800000E-01   3.481235551000000E+01
   3.192854632600000E+00   1.042067888100000E+01   1.041292894100000E+01   4.018198723800000E-01   3.483121705200000E+01
   3.192204536000000E+00   1.042209503500000E+01   1.041435504400000E+01   4.015892637800000E-01   3.484999695800000E+01
   3.191557960700000E+00   1.042351010900000E+01   1.041578002000000E+01   4.013596444300000E-01   3.486869579600000E+01
   3.190914889000000E+00   1.042492413100000E+01   1.041720389800000E+01   4.011310053500000E-01   3.488731408600000E+01
   3.190275306100000E+00   1.042633713200000E+01   1.041862670900000E+01   4.009033375700000E-01   3.490585233300000E+01
   3.189639188300000E+00   1.042774914400000E+01   1.042004848600000E+01   4.006766322200000E-01   3.492431108600000E+01
   3.189006524900000E+00   1.042916019600000E+01   1.042146925800000E+01   4.004508805900000E-01   3.494269081400000E+01
   3.188377276800000E+00   1.043057031800000E+01   1.042288905500000E+01   4.002260740900000E-01   3.496099213100000E+01
   3.187751445900000E+00   1.043197954000000E+01   1.042430790800000E+01   4.000022042900000E-01   3.497921542800000E+01
   3.187129016900000E+00   1.043338789100000E+01   1.042572584600000E+01   3.997792628600000E-01   3.499736118200000E+01
   3.186509955500000E+00   1.043479540000000E+01   1.042714290000000E+01   3.995572414100000E-01   3.501542997100000E+01
   3.185894254500000E+00   1.043620209600000E+01   1.042855909700000E+01   3.993361319100000E-01   3.503342221400000E+01
   3.185281905400000E+00   1.043760800800000E+01   1.042997446800000E+01   3.991159264100000E-01   3.505133833100000E+01
   3.184672869000000E+00   1.043901316400000E+01   1.043138904100000E+01   3.988966169400000E-01   3.506917890500000E+01
   3.184067145800000E+00   1.044041759100000E+01   1.043280284400000E+01   3.986781957500000E-01   3.508694429800000E+01
   3.183464714300000E+00   1.044182131900000E+01   1.043421590600000E+01   3.984606551400000E-01   3.510463499000000E+01
   3.182865561400000E+00   1.044322437500000E+01   1.043562825400000E+01   3.982439875300000E-01   3.512225140500000E+01
   3.182269679300000E+00   1.044462678500000E+01   1.043703991800000E+01   3.980281854500000E-01   3.513979393700000E+01
   3.181677038200000E+00   1.044602857800000E+01   1.043845092300000E+01   3.978132415600000E-01   3.515726308500000E+01
   3.181087630100000E+00   1.044742978100000E+01   1.043986129900000E+01   3.975991483700000E-01   3.517465925000000E+01
   3.180501440300000E+00   1.044883042000000E+01   1.044127107100000E+01   3.973858990100000E-01   3.519198282300000E+01
   3.179918451200000E+00   1.045023052100000E+01   1.044268026700000E+01   3.971734863100000E-01   3.520923423500000E+01
   3.179338652200000E+00   1.045163011200000E+01   1.044408891400000E+01   3.969619030900000E-01   3.522641388100000E+01
   3.178762036900000E+00   1.045302921800000E+01   1.044549703800000E+01   3.967511427300000E-01   3.524352210000000E+01
   3.178188575700000E+00   1.045442786700000E+01   1.044690466600000E+01   3.965411981000000E-01   3.526055938500000E+01
   3.177618265200000E+00   1.045582608200000E+01   1.044831182400000E+01   3.963320627200000E-01   3.527752605300000E+01
   3.177051092600000E+00   1.045722389100000E+01   1.044971853700000E+01   3.961237299100000E-01   3.529442248100000E+01
   3.176487031700000E+00   1.045862132000000E+01   1.045112483300000E+01   3.959161930400000E-01   3.531124911500000E+01
   3.175926087100000E+00   1.046001839200000E+01   1.045253073600000E+01   3.957094457600000E-01   3.532800622700000E+01
   3.175368243000000E+00   1.046141513400000E+01   1.045393627300000E+01   3.955034815700000E-01   3.534469420200000E+01
   3.174813482400000E+00   1.046281157100000E+01   1.045534146900000E+01   3.952982941600000E-01   3.536131342000000E+01
   3.174261793800000E+00   1.046420772600000E+01   1.045674634700000E+01   3.950938775200000E-01   3.537786421600000E+01
   3.173713166100000E+00   1.046560362700000E+01   1.045815093600000E+01   3.948902252000000E-01   3.539434695100000E+01
   3.173167585500000E+00   1.046699929700000E+01   1.045955525800000E+01   3.946873313300000E-01   3.541076196300000E+01
   3.172625047400000E+00   1.046839476000000E+01   1.046095933900000E+01   3.944851898900000E-01   3.542710955600000E+01
   3.172085528700000E+00   1.046979004100000E+01   1.046236320300000E+01   3.942837949400000E-01   3.544339012100000E+01
   3.171549033400000E+00   1.047118516400000E+01   1.046376687500000E+01   3.940831406200000E-01   3.545960390700000E+01
   3.171015537000000E+00   1.047258015300000E+01   1.046517038000000E+01   3.938832211600000E-01   3.547575130600000E+01
   3.170485036700000E+00   1.047397503300000E+01   1.046657374100000E+01   3.936840309000000E-01   3.549183258900000E+01
   3.169957515800000E+00   1.047536982700000E+01   1.046797698400000E+01   3.934855640300000E-01   3.550784811300000E+01
   3.169432975400000E+00   1.047676455900000E+01   1.046938013000000E+01   3.932878152800000E-01   3.552379810400000E+01
   3.168911391000000E+00   1.047815925200000E+01   1.047078320600000E+01   3.930907789200000E-01   3.553968295700000E+01
   3.168392769700000E+00   1.047955393100000E+01   1.047218623500000E+01   3.928944496200000E-01   3.555550287200000E+01
   3.167877087100000E+00   1.048094861700000E+01   1.047358923900000E+01   3.926988220100000E-01   3.557125822000000E+01
   3.167364335800000E+00   1.048234333600000E+01   1.047499224400000E+01   3.925038907300000E-01   3.558694928100000E+01
   3.166854510200000E+00   1.048373811000000E+01   1.047639527200000E+01   3.923096505900000E-01   3.560257631800000E+01
   3.166347602000000E+00   1.048513296200000E+01   1.047779834700000E+01   3.921160963900000E-01   3.561813960800000E+01
   3.165843604300000E+00   1.048652791600000E+01   1.047920149200000E+01   3.919232229400000E-01   3.563363942000000E+01
   3.165342502700000E+00   1.048792299300000E+01   1.048060473000000E+01   3.917310253700000E-01   3.564907604300000E+01
   3.164844288800000E+00   1.048931821700000E+01   1.048200808500000E+01   3.915394985000000E-01   3.566444975400000E+01
   3.164348954200000E+00   1.049071361100000E+01   1.048341157800000E+01   3.913486375300000E-01   3.567976080900000E+01
   3.163856497600000E+00   1.049210919800000E+01   1.048481523400000E+01   3.911584374700000E-01   3.569500943700000E+01
   3.163366897800000E+00   1.049350500000000E+01   1.048621907600000E+01   3.909688934900000E-01   3.571019596100000E+01
   3.162880162100000E+00   1.049490104000000E+01   1.048762312600000E+01   3.907800008900000E-01   3.572532055000000E+01
   3.162396275600000E+00   1.049629733900000E+01   1.048902740600000E+01   3.905917549300000E-01   3.574038348900000E+01
   3.161915223500000E+00   1.049769392200000E+01   1.049043193900000E+01   3.904041508900000E-01   3.575538506500000E+01
   3.161437013500000E+00   1.049909080900000E+01   1.049183674900000E+01   3.902171842400000E-01   3.577032543200000E+01
   3.160961628500000E+00   1.050048802400000E+01   1.049324185700000E+01   3.900308503200000E-01   3.578520488600000E+01
   3.160489059700000E+00   1.050188558700000E+01   1.049464728600000E+01   3.898451447900000E-01   3.580002365400000E+01
   3.160019303900000E+00   1.050328352300000E+01   1.049605305800000E+01   3.896600630100000E-01   3.581478196100000E+01
   3.159552355700000E+00   1.050468185300000E+01   1.049745919600000E+01   3.894756006000000E-01   3.582948002200000E+01
   3.159088204500000E+00   1.050608059700000E+01   1.049886572200000E+01   3.892917533400000E-01   3.584411806900000E+01
   3.158626853000000E+00   1.050747978000000E+01   1.050027265800000E+01   3.891085168000000E-01   3.585869628300000E+01
   3.158168276000000E+00   1.050887942200000E+01   1.050168002600000E+01   3.889258867900000E-01   3.587321497100000E+01
   3.157712492000000E+00   1.051027954600000E+01   1.050308784800000E+01   3.887438589900000E-01   3.588767422200000E+01
   3.157259468900000E+00   1.051168017400000E+01   1.050449614800000E+01   3.885624292700000E-01   3.590207437800000E+01
   3.156809217600000E+00   1.051308132700000E+01   1.050590494500000E+01   3.883815935600000E-01   3.591641555200000E+01
   3.156361733600000E+00   1.051448302700000E+01   1.050731426400000E+01   3.882013477000000E-01   3.593069794600000E+01
   3.155917005600000E+00   1.051588529600000E+01   1.050872412400000E+01   3.880216877600000E-01   3.594492177800000E+01
   3.155475026900000E+00   1.051728815500000E+01   1.051013454900000E+01   3.878426096600000E-01   3.595908725800000E+01
   3.155035795300000E+00   1.051869162700000E+01   1.051154556100000E+01   3.876641094600000E-01   3.597319455900000E+01
   3.154599298900000E+00   1.052009573300000E+01   1.051295718100000E+01   3.874861832600000E-01   3.598724390400000E+01
   3.154165539200000E+00   1.052150049400000E+01   1.051436943100000E+01   3.873088272400000E-01   3.600123544100000E+01
   3.153734516600000E+00   1.052290593400000E+01   1.051578233300000E+01   3.871320374600000E-01   3.601516933400000E+01
   3.153306211700000E+00   1.052431207200000E+01   1.051719590900000E+01   3.869558102200000E-01   3.602904583100000E+01
   3.152880630700000E+00   1.052571893000000E+01   1.051861018000000E+01   3.867801418100000E-01   3.604286505000000E+01
   3.152457770200000E+00   1.052712653000000E+01   1.052002516800000E+01   3.866050284400000E-01   3.605662716400000E+01
   3.152037618000000E+00   1.052853489500000E+01   1.052144089600000E+01   3.864304664100000E-01   3.607033238700000E+01
   3.151620176000000E+00   1.052994404500000E+01   1.052285738500000E+01   3.862564522400000E-01   3.608398084300000E+01
   3.151205438700000E+00   1.053135400100000E+01   1.052427465600000E+01   3.860829822700000E-01   3.609757270900000E+01
   3.150793397900000E+00   1.053276478600000E+01   1.052569273100000E+01   3.859100528300000E-01   3.611110817500000E+01
   3.150384052900000E+00   1.053417642100000E+01   1.052711163300000E+01   3.857376605600000E-01   3.612458737500000E+01
   3.149977397400000E+00   1.053558892700000E+01   1.052853138200000E+01   3.855658019400000E-01   3.613801047800000E+01
   3.149573439800000E+00   1.053700232700000E+01   1.052995200100000E+01   3.853944734800000E-01   3.615137757900000E+01
   3.149172160800000E+00   1.053841664100000E+01   1.053137351100000E+01   3.852236717600000E-01   3.616468891100000E+01
   3.148773567100000E+00   1.053983189200000E+01   1.053279593400000E+01   3.850533934800000E-01   3.617794456300000E+01
   3.148377648400000E+00   1.054124810000000E+01   1.053421929200000E+01   3.848836352000000E-01   3.619114472400000E+01
   3.147984410800000E+00   1.054266528800000E+01   1.053564360600000E+01   3.847143936700000E-01   3.620428948300000E+01
   3.147593842800000E+00   1.054408347600000E+01   1.053706889900000E+01   3.845456655800000E-01   3.621737902700000E+01
   3.147205940900000E+00   1.054550268800000E+01   1.053849519200000E+01   3.843774477200000E-01   3.623041349300000E+01
   3.146820709500000E+00   1.054692294400000E+01   1.053992250700000E+01   3.842097368400000E-01   3.624339298100000E+01
   3.146438142100000E+00   1.054834426500000E+01   1.054135086500000E+01   3.840425298400000E-01   3.625631763600000E+01
   3.146058240200000E+00   1.054976667400000E+01   1.054278029000000E+01   3.838758234600000E-01   3.626918757500000E+01
   3.145680991700000E+00   1.055119019300000E+01   1.054421080100000E+01   3.837096146900000E-01   3.628200296600000E+01
   3.145306406200000E+00   1.055261484200000E+01   1.054564242100000E+01   3.835439003900000E-01   3.629476387500000E+01
   3.144934475100000E+00   1.055404064500000E+01   1.054707517400000E+01   3.833786774700000E-01   3.630747045900000E+01
   3.144565193900000E+00   1.055546762200000E+01   1.054850907900000E+01   3.832139429100000E-01   3.632012285000000E+01
   3.144198570200000E+00   1.055689579600000E+01   1.054994416000000E+01   3.830496937600000E-01   3.633272110900000E+01
   3.143834592400000E+00   1.055832518800000E+01   1.055138043700000E+01   3.828859270700000E-01   3.634526540100000E+01
   3.143473261800000E+00   1.055975582000000E+01   1.055281793400000E+01   3.827226398300000E-01   3.635775582500000E+01
   3.143114578600000E+00   1.056118771500000E+01   1.055425667300000E+01   3.825598291300000E-01   3.637019248100000E+01
   3.142758541300000E+00   1.056262089400000E+01   1.055569667500000E+01   3.823974921500000E-01   3.638257547200000E+01
   3.142405147200000E+00   1.056405537900000E+01   1.055713796300000E+01   3.822356259900000E-01   3.639490490900000E+01
   3.142054396500000E+00   1.056549119200000E+01   1.055858055900000E+01   3.820742278200000E-01   3.640718088900000E+01
   3.141706291100000E+00   1.056692835600000E+01   1.056002448500000E+01   3.819132948600000E-01   3.641940349200000E+01
   3.141360821100000E+00   1.056836689200000E+01   1.056146976300000E+01   3.817528243900000E-01   3.643157285700000E+01
   3.141017996700000E+00   1.056980682400000E+01   1.056291641600000E+01   3.815928134800000E-01   3.644368903300000E+01
   3.140677807400000E+00   1.057124817300000E+01   1.056436446700000E+01   3.814332595500000E-01   3.645575215400000E+01
   3.140340258900000E+00   1.057269096100000E+01   1.056581393800000E+01   3.812741598600000E-01   3.646776227700000E+01
   3.140005351000000E+00   1.057413521200000E+01   1.056726485100000E+01   3.811155117800000E-01   3.647971948400000E+01
   3.139673080000000E+00   1.057558094700000E+01   1.056871723000000E+01   3.809573125800000E-01   3.649162388500000E+01
   3.139343447400000E+00   1.057702818800000E+01   1.057017109600000E+01   3.807995597400000E-01   3.650347554400000E+01
   3.139016448700000E+00   1.057847696000000E+01   1.057162647300000E+01   3.806422505600000E-01   3.651527457000000E+01
   3.138692091600000E+00   1.057992728400000E+01   1.057308338300000E+01   3.804853825000000E-01   3.652702099900000E+01
   3.138370379200000E+00   1.058137918400000E+01   1.057454184900000E+01   3.803289530400000E-01   3.653871488800000E+01
   3.138051295200000E+00   1.058283268100000E+01   1.057600189500000E+01   3.801729595900000E-01   3.655035639800000E+01
   3.137734853000000E+00   1.058428779900000E+01   1.057746354200000E+01   3.800173997300000E-01   3.656194553000000E+01
   3.137421054400000E+00   1.058574456100000E+01   1.057892681500000E+01   3.798622709200000E-01   3.657348234500000E+01
   3.137109893300000E+00   1.058720299000000E+01   1.058039173700000E+01   3.797075706700000E-01   3.658496694600000E+01
   3.136801373000000E+00   1.058866310900000E+01   1.058185833100000E+01   3.795532965700000E-01   3.659639938400000E+01
   3.136495490000000E+00   1.059012494200000E+01   1.058332662000000E+01   3.793994462300000E-01   3.660777973900000E+01
   3.136192256100000E+00   1.059158851100000E+01   1.058479662700000E+01   3.792460172600000E-01   3.661910801400000E+01
   3.135891663900000E+00   1.059305384000000E+01   1.058626837700000E+01   3.790930072500000E-01   3.663038431100000E+01
   3.135593723900000E+00   1.059452095300000E+01   1.058774189300000E+01   3.789404138600000E-01   3.664160863700000E+01
   3.135298417200000E+00   1.059598987400000E+01   1.058921719900000E+01   3.787882347500000E-01   3.665278114900000E+01
   3.135005771200000E+00   1.059746062500000E+01   1.059069431800000E+01   3.786364676100000E-01   3.666390176100000E+01
   3.134715757300000E+00   1.059893323200000E+01   1.059217327400000E+01   3.784851101700000E-01   3.667497067800000E+01
   3.134428410000000E+00   1.060040771700000E+01   1.059365409200000E+01   3.783341601500000E-01   3.668598777500000E+01
   3.134143709000000E+00   1.060188410500000E+01   1.059513679600000E+01   3.781836152800000E-01   3.669695321200000E+01
   3.133861664600000E+00   1.060336241900000E+01   1.059662140900000E+01   3.780334733900000E-01   3.670786698100000E+01
   3.133582276200000E+00   1.060484268500000E+01   1.059810795700000E+01   3.778837322200000E-01   3.671872913900000E+01
   3.133305547500000E+00   1.060632492700000E+01   1.059959646400000E+01   3.777343895300000E-01   3.672953971600000E+01
   3.133031483200000E+00   1.060780916800000E+01   1.060108695300000E+01   3.775854432800000E-01   3.674029872900000E+01
   3.132760081000000E+00   1.060929543500000E+01   1.060257945100000E+01   3.774368912200000E-01   3.675100623800000E+01
   3.132491343300000E+00   1.061078375000000E+01   1.060407398200000E+01   3.772887311900000E-01   3.676166227500000E+01
   3.132225268900000E+00   1.061227414000000E+01   1.060557057000000E+01   3.771409611500000E-01   3.677226688400000E+01
   3.131961872700000E+00   1.061376663000000E+01   1.060706924200000E+01   3.769935789500000E-01   3.678282003100000E+01
   3.131701149400000E+00   1.061526124300000E+01   1.060857002100000E+01   3.768465825900000E-01   3.679332177700000E+01
   3.131443105600000E+00   1.061675800600000E+01   1.061007293500000E+01   3.766999698800000E-01   3.680377213100000E+01
   3.131187742200000E+00   1.061825694400000E+01   1.061157800700000E+01   3.765537388600000E-01   3.681417112000000E+01
   3.130935062900000E+00   1.061975808200000E+01   1.061308526400000E+01   3.764078875100000E-01   3.682451875700000E+01
   3.130685066200000E+00   1.062126144600000E+01   1.061459473100000E+01   3.762624137800000E-01   3.683481508500000E+01
   3.130437764800000E+00   1.062276706200000E+01   1.061610643400000E+01   3.761173156500000E-01   3.684506007000000E+01
   3.130193150500000E+00   1.062427495600000E+01   1.061762040000000E+01   3.759725912400000E-01   3.685525377800000E+01
   3.129951245200000E+00   1.062578515400000E+01   1.061913665400000E+01   3.758282385000000E-01   3.686539612800000E+01
   3.129712037100000E+00   1.062729768200000E+01   1.062065522300000E+01   3.756842555100000E-01   3.687548720600000E+01
   3.129475528900000E+00   1.062881256600000E+01   1.062217613300000E+01   3.755406403700000E-01   3.688552702100000E+01
   3.129241738000000E+00   1.063032983400000E+01   1.062369941100000E+01   3.753973911600000E-01   3.689551550500000E+01
   3.129010659000000E+00   1.063184951100000E+01   1.062522508400000E+01   3.752545059300000E-01   3.690545271200000E+01
   3.128782299500000E+00   1.063337162500000E+01   1.062675317900000E+01   3.751119828800000E-01   3.691533861600000E+01
   3.128556655800000E+00   1.063489620300000E+01   1.062828372300000E+01   3.749698200500000E-01   3.692517326200000E+01
   3.128333749200000E+00   1.063642327200000E+01   1.062981674200000E+01   3.748280157200000E-01   3.693495654700000E+01
   3.128113571400000E+00   1.063795285900000E+01   1.063135226600000E+01   3.746865679300000E-01   3.694468853700000E+01
   3.127896132100000E+00   1.063948499200000E+01   1.063289032100000E+01   3.745454749800000E-01   3.695436918800000E+01
   3.127681433500000E+00   1.064101969900000E+01   1.063443093500000E+01   3.744047349600000E-01   3.696399850800000E+01
   3.127469479400000E+00   1.064255700800000E+01   1.063597413800000E+01   3.742643460700000E-01   3.697357648800000E+01
   3.127260283100000E+00   1.064409694600000E+01   1.063751995500000E+01   3.741243066300000E-01   3.698310306100000E+01
   3.127053839000000E+00   1.064563954100000E+01   1.063906841600000E+01   3.739846148700000E-01   3.699257826600000E+01
   3.126850160500000E+00   1.064718482400000E+01   1.064061954900000E+01   3.738452689800000E-01   3.700200204000000E+01
   3.126649254500000E+00   1.064873282200000E+01   1.064217338400000E+01   3.737062672700000E-01   3.701137435200000E+01
   3.126451120600000E+00   1.065028356400000E+01   1.064372994900000E+01   3.735676079700000E-01   3.702069520900000E+01
   3.126255771600000E+00   1.065183707900000E+01   1.064528927400000E+01   3.734292894800000E-01   3.702996453800000E+01
   3.126063206300000E+00   1.065339339700000E+01   1.064685138800000E+01   3.732913099600000E-01   3.703918235500000E+01
   3.125873433800000E+00   1.065495254600000E+01   1.064841631900000E+01   3.731536679000000E-01   3.704834860100000E+01
   3.125686462100000E+00   1.065651455900000E+01   1.064998410000000E+01   3.730163614800000E-01   3.705746324000000E+01
   3.125502294600000E+00   1.065807946200000E+01   1.065155475900000E+01   3.728793891600000E-01   3.706652624200000E+01
   3.125320942000000E+00   1.065964728700000E+01   1.065312832600000E+01   3.727427492800000E-01   3.707553754600000E+01
   3.125142407600000E+00   1.066121806400000E+01   1.065470483200000E+01   3.726064402000000E-01   3.708449712800000E+01
   3.124966698700000E+00   1.066279182500000E+01   1.065628430800000E+01   3.724704602700000E-01   3.709340494100000E+01
   3.124793818300000E+00   1.066436860000000E+01   1.065786678500000E+01   3.723348079600000E-01   3.710226095700000E+01
   3.124623793400000E+00   1.066594841900000E+01   1.065945229400000E+01   3.721994816500000E-01   3.711106502000000E+01
   3.124456600700000E+00   1.066753131400000E+01   1.066104086700000E+01   3.720644797700000E-01   3.711981724000000E+01
   3.124292274000000E+00   1.066911731700000E+01   1.066263253400000E+01   3.719298007600000E-01   3.712851742200000E+01
   3.124130801300000E+00   1.067070646100000E+01   1.066422732900000E+01   3.717954430500000E-01   3.713716561400000E+01
   3.123972208200000E+00   1.067229877600000E+01   1.066582528200000E+01   3.716614051300000E-01   3.714576166000000E+01
   3.123816487700000E+00   1.067389429400000E+01   1.066742642700000E+01   3.715276854900000E-01   3.715430557500000E+01
   3.123663656400000E+00   1.067549305000000E+01   1.066903079700000E+01   3.713942825700000E-01   3.716279725100000E+01
   3.123513723200000E+00   1.067709507500000E+01   1.067063842400000E+01   3.712611948600000E-01   3.717123662000000E+01
   3.123366692600000E+00   1.067870040300000E+01   1.067224934100000E+01   3.711284209800000E-01   3.717962362400000E+01
   3.123222566200000E+00   1.068030906700000E+01   1.067386358200000E+01   3.709959592900000E-01   3.718795823700000E+01
   3.123081366500000E+00   1.068192110200000E+01   1.067548118200000E+01   3.708638084100000E-01   3.719624030700000E+01
   3.122943096100000E+00   1.068353653900000E+01   1.067710217200000E+01   3.707319669400000E-01   3.720446978600000E+01
   3.122807764000000E+00   1.068515541600000E+01   1.067872659000000E+01   3.706004333200000E-01   3.721264660100000E+01
   3.122675381300000E+00   1.068677776400000E+01   1.068035446700000E+01   3.704692062100000E-01   3.722077065400000E+01
   3.122545959000000E+00   1.068840362100000E+01   1.068198584200000E+01   3.703382840900000E-01   3.722884185700000E+01
   3.122419501800000E+00   1.069003302000000E+01   1.068362074700000E+01   3.702076656400000E-01   3.723686014200000E+01
   3.122296014000000E+00   1.069166599800000E+01   1.068525921800000E+01   3.700773494400000E-01   3.724482544900000E+01
   3.122175520600000E+00   1.069330258900000E+01   1.068690129200000E+01   3.699473340500000E-01   3.725273760700000E+01
   3.122058016400000E+00   1.069494283100000E+01   1.068854700500000E+01   3.698176181400000E-01   3.726059659800000E+01
   3.121943527300000E+00   1.069658676000000E+01   1.069019639400000E+01   3.696882003000000E-01   3.726840224400000E+01
   3.121832049500000E+00   1.069823441100000E+01   1.069184949400000E+01   3.695590792100000E-01   3.727615451600000E+01
   3.121723597100000E+00   1.069988582400000E+01   1.069350634400000E+01   3.694302535100000E-01   3.728385329200000E+01
   3.121618192900000E+00   1.070154103400000E+01   1.069516698100000E+01   3.693017218500000E-01   3.729149840400000E+01
   3.121515830600000E+00   1.070320008000000E+01   1.069683144200000E+01   3.691734828900000E-01   3.729908983200000E+01
   3.121416527700000E+00   1.070486300100000E+01   1.069849976600000E+01   3.690455353400000E-01   3.730662743000000E+01
   3.121320299700000E+00   1.070652983300000E+01   1.070017199200000E+01   3.689178778900000E-01   3.731411106200000E+01
   3.121227154300000E+00   1.070820061700000E+01   1.070184815900000E+01   3.687905092000000E-01   3.732154063000000E+01
   3.121137101500000E+00   1.070987539100000E+01   1.070352830500000E+01   3.686634280600000E-01   3.732891602000000E+01
   3.121050158600000E+00   1.071155419700000E+01   1.070521247100000E+01   3.685366330700000E-01   3.733623708400000E+01
   3.120966330600000E+00   1.071323707200000E+01   1.070690069700000E+01   3.684101230900000E-01   3.734350372900000E+01
   3.120885636100000E+00   1.071492405800000E+01   1.070859302300000E+01   3.682838967400000E-01   3.735071579600000E+01
   3.120808081400000E+00   1.071661519500000E+01   1.071028949000000E+01   3.681579528800000E-01   3.735787318000000E+01
   3.120733685600000E+00   1.071831052400000E+01   1.071199013900000E+01   3.680322901900000E-01   3.736497571500000E+01
   3.120662458800000E+00   1.072001008900000E+01   1.071369501200000E+01   3.679069074600000E-01   3.737202327900000E+01
   3.120594414100000E+00   1.072171392900000E+01   1.071540415100000E+01   3.677818034600000E-01   3.737901572600000E+01
   3.120529568300000E+00   1.072342208900000E+01   1.071711759900000E+01   3.676569769800000E-01   3.738595289600000E+01
   3.120467924300000E+00   1.072513460900000E+01   1.071883539800000E+01   3.675324268500000E-01   3.739283469400000E+01
   3.120409503200000E+00   1.072685153500000E+01   1.072055759300000E+01   3.674081518000000E-01   3.739966093400000E+01
   3.120354323500000E+00   1.072857291000000E+01   1.072228422600000E+01   3.672841507000000E-01   3.740643143400000E+01
   3.120302391300000E+00   1.073029877700000E+01   1.072401534200000E+01   3.671604223600000E-01   3.741314608100000E+01
   3.120253724400000E+00   1.073202918200000E+01   1.072575098600000E+01   3.670369655900000E-01   3.741980469600000E+01
   3.120208333900000E+00   1.073376417000000E+01   1.072749120400000E+01   3.669137792100000E-01   3.742640713500000E+01
   3.120166237000000E+00   1.073550378600000E+01   1.072923604000000E+01   3.667908621400000E-01   3.743295321500000E+01
   3.120127451900000E+00   1.073724807600000E+01   1.073098554100000E+01   3.666682131700000E-01   3.743944275000000E+01
   3.120091990800000E+00   1.073899708900000E+01   1.073273975400000E+01   3.665458311500000E-01   3.744587558400000E+01
   3.120059867600000E+00   1.074075086800000E+01   1.073449872500000E+01   3.664237150300000E-01   3.745225154500000E+01
   3.120031101800000E+00   1.074250946400000E+01   1.073626250300000E+01   3.663018636100000E-01   3.745857043400000E+01
   3.120005703300000E+00   1.074427292400000E+01   1.073803113500000E+01   3.661802758300000E-01   3.746483209700000E+01
   3.119983697000000E+00   1.074604129600000E+01   1.073980467100000E+01   3.660589505700000E-01   3.747103630200000E+01
   3.119965091800000E+00   1.074781463000000E+01   1.074158316000000E+01   3.659378867200000E-01   3.747718289700000E+01
   3.119949907500000E+00   1.074959297600000E+01   1.074336665100000E+01   3.658170832000000E-01   3.748327166900000E+01
   3.119938163400000E+00   1.075137638300000E+01   1.074515519500000E+01   3.656965389200000E-01   3.748930240800000E+01
   3.119929866000000E+00   1.075316490300000E+01   1.074694884300000E+01   3.655762528500000E-01   3.749527496700000E+01
   3.119925055000000E+00   1.075495858700000E+01   1.074874764600000E+01   3.654562238900000E-01   3.750118902200000E+01
   3.119923719300000E+00   1.075675748700000E+01   1.075055165600000E+01   3.653364509500000E-01   3.750704451700000E+01
   3.119923917900000E+00   1.075718265400000E+01   1.075097802700000E+01   3.653082310700000E-01   3.750841737100000E+01
   3.119926926600000E+00   1.075898807300000E+01   1.075278854600000E+01   3.651887731900000E-01   3.751420006200000E+01
   3.119933464900000E+00   1.076079882800000E+01   1.075460439200000E+01   3.650695690000000E-01   3.751992363600000E+01
   3.119943553500000E+00   1.076261497100000E+01   1.075642561700000E+01   3.649506175300000E-01   3.752558785700000E+01
   3.119957207900000E+00   1.076443655700000E+01   1.075825227700000E+01   3.648319177000000E-01   3.753119251800000E+01
   3.119974456000000E+00   1.076626364100000E+01   1.076008442600000E+01   3.647134685500000E-01   3.753673733800000E+01
   3.119995303600000E+00   1.076809627900000E+01   1.076192212200000E+01   3.645952690300000E-01   3.754222215700000E+01
   3.120019782200000E+00   1.076993452900000E+01   1.076376542100000E+01   3.644773181100000E-01   3.754764667300000E+01
   3.120047905000000E+00   1.077177844600000E+01   1.076561437900000E+01   3.643596148800000E-01   3.755301067600000E+01
   3.120079696100000E+00   1.077362808900000E+01   1.076746905500000E+01   3.642421583000000E-01   3.755831389900000E+01
   3.120115170700000E+00   1.077548351700000E+01   1.076932950800000E+01   3.641249473700000E-01   3.756355611900000E+01
   3.120154355200000E+00   1.077734479000000E+01   1.077119579700000E+01   3.640079811500000E-01   3.756873705100000E+01
   3.120197272700000E+00   1.077921196500000E+01   1.077306798200000E+01   3.638912586900000E-01   3.757385642000000E+01
   3.120243937900000E+00   1.078108510600000E+01   1.077494612400000E+01   3.637747789800000E-01   3.757891400000000E+01
   3.120294382000000E+00   1.078296427300000E+01   1.077683028400000E+01   3.636585411100000E-01   3.758390946900000E+01
   3.120348615600000E+00   1.078484952800000E+01   1.077872052600000E+01   3.635425440900000E-01   3.758884261500000E+01
   3.120406665800000E+00   1.078674093600000E+01   1.078061691100000E+01   3.634267870000000E-01   3.759371313200000E+01
   3.120468568200000E+00   1.078863855900000E+01   1.078251950500000E+01   3.633112689500000E-01   3.759852066900000E+01
   3.120534328100000E+00   1.079054246200000E+01   1.078442837100000E+01   3.631959889800000E-01   3.760326502900000E+01
   3.120603977600000E+00   1.079245271100000E+01   1.078634357600000E+01   3.630809461400000E-01   3.760794587400000E+01
   3.120677541300000E+00   1.079436937200000E+01   1.078826518600000E+01   3.629661395800000E-01   3.761256289900000E+01
   3.120755032600000E+00   1.079629251200000E+01   1.079019326700000E+01   3.628515683800000E-01   3.761711585600000E+01
   3.120836496400000E+00   1.079822220000000E+01   1.079212789000000E+01   3.627372316000000E-01   3.762160433100000E+01
   3.120921936400000E+00   1.080015850400000E+01   1.079406912100000E+01   3.626231284000000E-01   3.762602811600000E+01
   3.121011399000000E+00   1.080210149400000E+01   1.079601703100000E+01   3.625092578800000E-01   3.763038678200000E+01
   3.121104892800000E+00   1.080405124200000E+01   1.079797169100000E+01   3.623956191500000E-01   3.763468009300000E+01
   3.121202455800000E+00   1.080600781800000E+01   1.079993317400000E+01   3.622822113400000E-01   3.763890765400000E+01
   3.121304105600000E+00   1.080797129500000E+01   1.080190155100000E+01   3.621690335800000E-01   3.764306917600000E+01
   3.121409878100000E+00   1.080994174700000E+01   1.080387689500000E+01   3.620560850500000E-01   3.764716426500000E+01
   3.121519786200000E+00   1.081191924900000E+01   1.080585928300000E+01   3.619433648600000E-01   3.765119265000000E+01
   3.121633880500000E+00   1.081390387600000E+01   1.080784879000000E+01   3.618308721600000E-01   3.765515385700000E+01
   3.121752169300000E+00   1.081589570500000E+01   1.080984549200000E+01   3.617186061400000E-01   3.765904762700000E+01
   3.121874694900000E+00   1.081789481400000E+01   1.081184946700000E+01   3.616065659500000E-01   3.766287352200000E+01
   3.122001474200000E+00   1.081990128100000E+01   1.081386079400000E+01   3.614947507800000E-01   3.766663123200000E+01
   3.122132552100000E+00   1.082191518600000E+01   1.081587955300000E+01   3.613831597800000E-01   3.767032029700000E+01
   3.122267943200000E+00   1.082393661000000E+01   1.081790582500000E+01   3.612717921500000E-01   3.767394041000000E+01
   3.122407690700000E+00   1.082596563600000E+01   1.081993969200000E+01   3.611606470900000E-01   3.767749111300000E+01
   3.122551814900000E+00   1.082800234700000E+01   1.082198123900000E+01   3.610497237700000E-01   3.768097206100000E+01
   3.122700355400000E+00   1.083004682700000E+01   1.082403054800000E+01   3.609390214400000E-01   3.768438280300000E+01
   3.122853338100000E+00   1.083209916100000E+01   1.082608770500000E+01   3.608285393000000E-01   3.768772295900000E+01
   3.123010811300000E+00   1.083415943700000E+01   1.082815279900000E+01   3.607182765400000E-01   3.769099202500000E+01
   3.123172784700000E+00   1.083622774300000E+01   1.083022591700000E+01   3.606082323800000E-01   3.769418969500000E+01
   3.123339306900000E+00   1.083830416800000E+01   1.083230714800000E+01   3.604984060900000E-01   3.769731545300000E+01
   3.123510410200000E+00   1.084038880400000E+01   1.083439658400000E+01   3.603887968700000E-01   3.770036886600000E+01
   3.123686123300000E+00   1.084248174100000E+01   1.083649431500000E+01   3.602794039900000E-01   3.770334951500000E+01
   3.123866492400000E+00   1.084458307300000E+01   1.083860043700000E+01   3.601702266600000E-01   3.770625688500000E+01
   3.124051542600000E+00   1.084669289600000E+01   1.084071504400000E+01   3.600612641800000E-01   3.770909056200000E+01
   3.124241319500000E+00   1.084881130500000E+01   1.084283823200000E+01   3.599525157700000E-01   3.771185002600000E+01
   3.124435852700000E+00   1.085093839800000E+01   1.084497009800000E+01   3.598439807000000E-01   3.771453483200000E+01
   3.124635179600000E+00   1.085307427500000E+01   1.084711074300000E+01   3.597356582700000E-01   3.771714449000000E+01
   3.124839351900000E+00   1.085521903500000E+01   1.084926026600000E+01   3.596275477300000E-01   3.771967842900000E+01
   3.125048387100000E+00   1.085737278100000E+01   1.085141877100000E+01   3.595196483600000E-01   3.772213625300000E+01
   3.125262346500000E+00   1.085953561700000E+01   1.085358635900000E+01   3.594119595000000E-01   3.772451733000000E+01
   3.125481251600000E+00   1.086170764800000E+01   1.085576313800000E+01   3.593044803800000E-01   3.772682123100000E+01
   3.125705152000000E+00   1.086388898000000E+01   1.085794921400000E+01   3.591972103400000E-01   3.772904737500000E+01
   3.125934094300000E+00   1.086607972400000E+01   1.086014469700000E+01   3.590901486600000E-01   3.773119519000000E+01
   3.126168109500000E+00   1.086827998800000E+01   1.086234969500000E+01   3.589832947100000E-01   3.773326417900000E+01
   3.126407246900000E+00   1.087048988500000E+01   1.086456432100000E+01   3.588766477500000E-01   3.773525374600000E+01
   3.126651552700000E+00   1.087270952900000E+01   1.086678869100000E+01   3.587702071200000E-01   3.773716330200000E+01
   3.126901065500000E+00   1.087493903600000E+01   1.086902291800000E+01   3.586639721600000E-01   3.773899229400000E+01
   3.127155832700000E+00   1.087717852300000E+01   1.087126712100000E+01   3.585579422300000E-01   3.774074011400000E+01
   3.127415898100000E+00   1.087942810900000E+01   1.087352142000000E+01   3.584521166200000E-01   3.774240616900000E+01
   3.127681315700000E+00   1.088168791700000E+01   1.087578593500000E+01   3.583464947200000E-01   3.774398980300000E+01
   3.127952122900000E+00   1.088395806800000E+01   1.087806079100000E+01   3.582410758700000E-01   3.774549044200000E+01
   3.128228376000000E+00   1.088623868900000E+01   1.088034611200000E+01   3.581358594600000E-01   3.774690740700000E+01
   3.128510119600000E+00   1.088852990800000E+01   1.088264202600000E+01   3.580308448100000E-01   3.774824007000000E+01
   3.128797402100000E+00   1.089083185300000E+01   1.088494866400000E+01   3.579260313300000E-01   3.774948778000000E+01
   3.129090279200000E+00   1.089314465700000E+01   1.088726615600000E+01   3.578214184000000E-01   3.775064983600000E+01
   3.129388804400000E+00   1.089546845300000E+01   1.088959463700000E+01   3.577170053900000E-01   3.775172554400000E+01
   3.129693020200000E+00   1.089780337800000E+01   1.089193424300000E+01   3.576127917000000E-01   3.775271425900000E+01
   3.130002983600000E+00   1.090014957100000E+01   1.089428511400000E+01   3.575087767200000E-01   3.775361525200000E+01
   3.130318752700000E+00   1.090250717200000E+01   1.089664738900000E+01   3.574049598600000E-01   3.775442778200000E+01
   3.130640390100000E+00   1.090487632400000E+01   1.089902121300000E+01   3.573013405500000E-01   3.775515107400000E+01
   3.130967935100000E+00   1.090725717500000E+01   1.090140673100000E+01   3.571979181600000E-01   3.775578446600000E+01
   3.131301449800000E+00   1.090964987100000E+01   1.090380409200000E+01   3.570946921800000E-01   3.775632717000000E+01
   3.131641006700000E+00   1.091205456400000E+01   1.090621344800000E+01   3.569916619900000E-01   3.775677833600000E+01
   3.131986644200000E+00   1.091447140900000E+01   1.090863495100000E+01   3.568888270300000E-01   3.775713727900000E+01
   3.132338442400000E+00   1.091690056000000E+01   1.091106875900000E+01   3.567861867700000E-01   3.775740309000000E+01
   3.132696449500000E+00   1.091934217900000E+01   1.091351503100000E+01   3.566837406300000E-01   3.775757501900000E+01
   3.133060730000000E+00   1.092179642600000E+01   1.091597392900000E+01   3.565814880700000E-01   3.775765221600000E+01
   3.133431352900000E+00   1.092426346700000E+01   1.091844561800000E+01   3.564794285700000E-01   3.775763380300000E+01
   3.133808377700000E+00   1.092674347000000E+01   1.092093026700000E+01   3.563775615900000E-01   3.775751893800000E+01
   3.134191873600000E+00   1.092923660600000E+01   1.092342804600000E+01   3.562758866000000E-01   3.775730672000000E+01
   3.134581913700000E+00   1.093174304900000E+01   1.092593913100000E+01   3.561744031000000E-01   3.775699621800000E+01
   3.134978546900000E+00   1.093426297700000E+01   1.092846369800000E+01   3.560731105500000E-01   3.775658661100000E+01
   3.135381868400000E+00   1.093679657200000E+01   1.093100193000000E+01   3.559720084600000E-01   3.775607683500000E+01
   3.135791929500000E+00   1.093934401600000E+01   1.093355400900000E+01   3.558710963500000E-01   3.775546603300000E+01
   3.136208818100000E+00   1.094190549900000E+01   1.093612012500000E+01   3.557703737000000E-01   3.775475315500000E+01
   3.136632598900000E+00   1.094448121100000E+01   1.093870046900000E+01   3.556698400500000E-01   3.775393725400000E+01
   3.137063349600000E+00   1.094707134800000E+01   1.094129523600000E+01   3.555694948900000E-01   3.775301730700000E+01
   3.137501145100000E+00   1.094967610800000E+01   1.094390462400000E+01   3.554693378200000E-01   3.775199228800000E+01
   3.137946070500000E+00   1.095229569400000E+01   1.094652883700000E+01   3.553693683200000E-01   3.775086111100000E+01
   3.138398197200000E+00   1.095493031300000E+01   1.094916808200000E+01   3.552695859300000E-01   3.774962274500000E+01
   3.138857608200000E+00   1.095758017500000E+01   1.095182256900000E+01   3.551699902500000E-01   3.774827608700000E+01
   3.139324390700000E+00   1.096024549600000E+01   1.095449251300000E+01   3.550705808200000E-01   3.774681999700000E+01
   3.139798623000000E+00   1.096292649400000E+01   1.095717813400000E+01   3.549713571900000E-01   3.774525336700000E+01
   3.140280406800000E+00   1.096562339400000E+01   1.095987965500000E+01   3.548723189500000E-01   3.774357495600000E+01
   3.140769811600000E+00   1.096833642300000E+01   1.096259730500000E+01   3.547734657200000E-01   3.774178367100000E+01
   3.141266927800000E+00   1.097106581400000E+01   1.096533131700000E+01   3.546747970200000E-01   3.773987829800000E+01
   3.141771858100000E+00   1.097381180500000E+01   1.096808192700000E+01   3.545763125300000E-01   3.773785754500000E+01
   3.142284691000000E+00   1.097657463800000E+01   1.097084938000000E+01   3.544780118100000E-01   3.773572017400000E+01
   3.142805524000000E+00   1.097935456100000E+01   1.097363392300000E+01   3.543798944900000E-01   3.773346488700000E+01
   3.143334457700000E+00   1.098215182700000E+01   1.097643580700000E+01   3.542819602100000E-01   3.773109035300000E+01
   3.143871580100000E+00   1.098496669300000E+01   1.097925529300000E+01   3.541842085900000E-01   3.772859528600000E+01
   3.144416998800000E+00   1.098779942300000E+01   1.098209264300000E+01   3.540866392700000E-01   3.772597828300000E+01
   3.144970817000000E+00   1.099065028600000E+01   1.098494812600000E+01   3.539892519300000E-01   3.772323794600000E+01
   3.145276429300000E+00   1.099221277700000E+01   1.098651313600000E+01   3.539362171600000E-01   3.772169097000000E+01

