   3.713514129200000E+00   9.638715249400001E+00   9.614324577800000E+00   6.852697069200000E-01   2.000000000000000E+01
   3.713503759800000E+00   9.638746580599999E+00   9.614357130600000E+00   6.852536827300000E-01   2.000046216100000E+01
   3.713493390000000E+00   9.638777910800000E+00   9.614389682400001E+00   6.852376589500000E-01   2.000092433300000E+01
   3.713472648800000E+00   9.638840572299999E+00   9.614454786900000E+00   6.852056107300000E-01   2.000184876400000E+01
   3.713431141400000E+00   9.638965895000000E+00   9.614584995200000E+00   6.851415138900000E-01   2.000369797700000E+01
   3.713348038700000E+00   9.639216537899999E+00   9.614845407900001E+00   6.850133189199999E-01   2.000739776100000E+01
   3.713181462700000E+00   9.639717813400001E+00   9.615366216500000E+00   6.847569247200000E-01   2.001480280300000E+01
   3.712930679700000E+00   9.640469706599999E+00   9.616147393400000E+00   6.843723203099999E-01   2.002592410700000E+01
   3.712552450500000E+00   9.641597508900000E+00   9.617319085800000E+00   6.837953823900000E-01   2.004263702300000E+01
   3.712023013900000E+00   9.643163847600000E+00   9.618946312900000E+00   6.829940127400000E-01   2.006591140500000E+01
   3.711488795700000E+00   9.644730161600000E+00   9.620573434400001E+00   6.821925551500000E-01   2.008925831900000E+01
   3.710949778100000E+00   9.646296488500001E+00   9.622200488900001E+00   6.813910001500000E-01   2.011267830200000E+01
   3.710405955800000E+00   9.647862867100001E+00   9.623827515900000E+00   6.805893378500000E-01   2.013617186500000E+01
   3.709857316200000E+00   9.649429336700001E+00   9.625454555499999E+00   6.797875578800000E-01   2.015973955800000E+01
   3.709303846200000E+00   9.650995935699999E+00   9.627081646900001E+00   6.789856506000000E-01   2.018338192000000E+01
   3.708745538200000E+00   9.652562704099999E+00   9.628708831100001E+00   6.781836052500000E-01   2.020709950200000E+01
   3.708182382100000E+00   9.654129681000001E+00   9.630336147800000E+00   6.773814118000000E-01   2.023089285100000E+01
   3.707614361700000E+00   9.655696906699999E+00   9.631963638300000E+00   6.765790594300000E-01   2.025476255800000E+01
   3.707041470400000E+00   9.657264420500001E+00   9.633591342700001E+00   6.757765378900000E-01   2.027870917000000E+01
   3.706463689200000E+00   9.658832263200001E+00   9.635219302599999E+00   6.749738361900000E-01   2.030273330300000E+01
   3.705881009200000E+00   9.660400475199999E+00   9.636847559200000E+00   6.741709435900000E-01   2.032683553400000E+01
   3.705293416000000E+00   9.661969097800000E+00   9.638476154799999E+00   6.733678487500000E-01   2.035101648000000E+01
   3.704700892000000E+00   9.663538171800001E+00   9.640105131000000E+00   6.725645408000001E-01   2.037527676300000E+01
   3.704103425800000E+00   9.665107738700000E+00   9.641734530100001E+00   6.717610083300000E-01   2.039961699800000E+01
   3.703501005100000E+00   9.666677840700000E+00   9.643364395200001E+00   6.709572397800000E-01   2.042403781400000E+01
   3.702893611500000E+00   9.668248519300001E+00   9.644994768700000E+00   6.701532237700000E-01   2.044853986400000E+01
   3.702281221600000E+00   9.669819816200000E+00   9.646625693000001E+00   6.693489490500000E-01   2.047312381900000E+01
   3.701663833500000E+00   9.671391776300000E+00   9.648257214299999E+00   6.685444025500000E-01   2.049779032300000E+01
   3.701041417800000E+00   9.672964439899999E+00   9.649889373300001E+00   6.677395737500000E-01   2.052254006000000E+01
   3.700413965600000E+00   9.674537852800000E+00   9.651522217000000E+00   6.669344492300000E-01   2.054737372200000E+01
   3.699781447000000E+00   9.676112057799999E+00   9.653155789099999E+00   6.661290171699999E-01   2.057229204000000E+01
   3.699143859100000E+00   9.677687098800000E+00   9.654790134200001E+00   6.653232653000000E-01   2.059729565900000E+01
   3.698501174100000E+00   9.679263020800001E+00   9.656425298400000E+00   6.645171806500000E-01   2.062238534700000E+01
   3.697853368300000E+00   9.680839869000000E+00   9.658061327700000E+00   6.637107503900000E-01   2.064756185400000E+01
   3.697200430900000E+00   9.682417688999999E+00   9.659698268700000E+00   6.629039613400000E-01   2.067282589900000E+01
   3.696542330300000E+00   9.683996524599999E+00   9.661336166100000E+00   6.620968013800000E-01   2.069817825200000E+01
   3.695879057900000E+00   9.685576425200001E+00   9.662975070300000E+00   6.612892555600000E-01   2.072361968600000E+01
   3.695210579400000E+00   9.687157435700000E+00   9.664615027100000E+00   6.604813113100000E-01   2.074915100600000E+01
   3.694536882200000E+00   9.688739602700000E+00   9.666256083900000E+00   6.596729552200000E-01   2.077477296700000E+01
   3.693857934500000E+00   9.690322975400001E+00   9.667898291200000E+00   6.588641725100000E-01   2.080048643900000E+01
   3.693173718100000E+00   9.691907602000001E+00   9.669541698000000E+00   6.580549491000000E-01   2.082629223000000E+01
   3.692484207600000E+00   9.693493529900000E+00   9.671186352699999E+00   6.572452713200000E-01   2.085219116500000E+01
   3.691789374700000E+00   9.695080809000000E+00   9.672832306000000E+00   6.564351243500000E-01   2.087818412400000E+01
   3.691089202900000E+00   9.696669489900000E+00   9.674479609800001E+00   6.556244929200000E-01   2.090427195900000E+01
   3.690383656400000E+00   9.698259621800000E+00   9.676128314100000E+00   6.548133627300000E-01   2.093045557400000E+01
   3.689672709900000E+00   9.699851256600001E+00   9.677778472000000E+00   6.540017180300000E-01   2.095673588300000E+01
   3.688956337000000E+00   9.701444444300000E+00   9.679430134400000E+00   6.531895441600000E-01   2.098311377700000E+01
   3.688234510800000E+00   9.703039238800001E+00   9.681083356100000E+00   6.523768246700000E-01   2.100959021100000E+01
   3.687507198300000E+00   9.704635691700000E+00   9.682738190000000E+00   6.515635441199999E-01   2.103616613700000E+01
   3.686774371300000E+00   9.706233857400001E+00   9.684394691500000E+00   6.507496858900000E-01   2.106284253400000E+01
   3.686035999900000E+00   9.707833788700000E+00   9.686052914399999E+00   6.499352342800000E-01   2.108962036700000E+01
   3.685292056200000E+00   9.709435541300000E+00   9.687712915500001E+00   6.491201721400000E-01   2.111650064200000E+01
   3.684542500400000E+00   9.711039170999999E+00   9.689374751700001E+00   6.483044824000000E-01   2.114348441700000E+01
   3.683787304300000E+00   9.712644732899999E+00   9.691038479200000E+00   6.474881483400000E-01   2.117057270200000E+01
   3.683026429600000E+00   9.714252284600001E+00   9.692704156700000E+00   6.466711522400000E-01   2.119776658500000E+01
   3.682259849400000E+00   9.715861885000001E+00   9.694371844400001E+00   6.458534757000000E-01   2.122506713800000E+01
   3.681487521300000E+00   9.717473590399999E+00   9.696041599400001E+00   6.450351018300000E-01   2.125247545600000E+01
   3.680709412700000E+00   9.719087461000001E+00   9.697713483299999E+00   6.442160117800000E-01   2.127999266200000E+01
   3.679925488600000E+00   9.720703558200000E+00   9.699387558800000E+00   6.433961862899999E-01   2.130761991100000E+01
   3.679135698000000E+00   9.722321941000001E+00   9.701063885600000E+00   6.425756074700000E-01   2.133535838600000E+01
   3.678340020000000E+00   9.723942673600000E+00   9.702742529700000E+00   6.417542547300000E-01   2.136320924600000E+01
   3.677538400300000E+00   9.725565817600000E+00   9.704423553400000E+00   6.409321092100000E-01   2.139117373400000E+01
   3.676730807900000E+00   9.727191436800000E+00   9.706107021999999E+00   6.401091508200000E-01   2.141925305100000E+01
   3.675917193400000E+00   9.728819596199999E+00   9.707793001700001E+00   6.392853591800000E-01   2.144744848800000E+01
   3.675097521400000E+00   9.730450361600001E+00   9.709481559600000E+00   6.384607135000000E-01   2.147576130400000E+01
   3.674271738600000E+00   9.732083800200000E+00   9.711172764200001E+00   6.376351925800000E-01   2.150419284900000E+01
   3.673439800000000E+00   9.733719979400000E+00   9.712866684000000E+00   6.368087751900000E-01   2.153274445200000E+01
   3.672601672100000E+00   9.735358968900000E+00   9.714563390200000E+00   6.359814391500000E-01   2.156141743900000E+01
   3.671757294700000E+00   9.737000838100000E+00   9.716262953399999E+00   6.351531624900000E-01   2.159021324300000E+01
   3.670906625100000E+00   9.738645658399999E+00   9.717965446599999E+00   6.343239225100000E-01   2.161913326300000E+01
   3.670049612300000E+00   9.740293502900000E+00   9.719670944100001E+00   6.334936958000000E-01   2.164817896300000E+01
   3.669186201500000E+00   9.741944444700000E+00   9.721379520199999E+00   6.326624592100000E-01   2.167735182700000E+01
   3.668316348100000E+00   9.743598559800001E+00   9.723091252700000E+00   6.318301881200000E-01   2.170665335500000E+01
   3.667439991300000E+00   9.745255923100000E+00   9.724806217599999E+00   6.309968588900000E-01   2.173608509200000E+01
   3.666557085100000E+00   9.746916613300000E+00   9.726524495400000E+00   6.301624459900000E-01   2.176564860000000E+01
   3.665667563700000E+00   9.748580709800001E+00   9.728246166600000E+00   6.293269239200000E-01   2.179534552600000E+01
   3.664771372600000E+00   9.750248292300000E+00   9.729971312700000E+00   6.284902670800000E-01   2.182517749300000E+01
   3.663868458700000E+00   9.751919443200000E+00   9.731700017500000E+00   6.276524488500000E-01   2.185514616100000E+01
   3.662958752000000E+00   9.753594247200001E+00   9.733432367200001E+00   6.268134416800000E-01   2.188525330100000E+01
   3.662042199100000E+00   9.755272786999999E+00   9.735168446299999E+00   6.259732191500000E-01   2.191550059900000E+01
   3.661118732000000E+00   9.756955152400000E+00   9.736908346100000E+00   6.251317517300000E-01   2.194588991000000E+01
   3.660188286600000E+00   9.758641429000001E+00   9.738652153700000E+00   6.242890121100000E-01   2.197642301700000E+01
   3.659250794300000E+00   9.760331709000001E+00   9.740399963000000E+00   6.234449700100000E-01   2.200710183300000E+01
   3.658306189800000E+00   9.762026084200000E+00   9.742151867600001E+00   6.225995955300000E-01   2.203792826000000E+01
   3.657354402400000E+00   9.763724647200000E+00   9.743907961800000E+00   6.217528587400000E-01   2.206890424200000E+01
   3.656395357500000E+00   9.765427495300001E+00   9.745668344800000E+00   6.209047276200000E-01   2.210003181700000E+01
   3.655428981600000E+00   9.767134726800000E+00   9.747433116300000E+00   6.200551700800000E-01   2.213131304300000E+01
   3.654455201400000E+00   9.768846439100001E+00   9.749202375799999E+00   6.192041546000000E-01   2.216274997300000E+01
   3.653473937000000E+00   9.770562736100000E+00   9.750976229100001E+00   6.183516468400000E-01   2.219434479800000E+01
   3.652485110700000E+00   9.772283721999999E+00   9.752754782200000E+00   6.174976126900000E-01   2.222609971100000E+01
   3.651488640100000E+00   9.774009503200000E+00   9.754538143400000E+00   6.166420172000000E-01   2.225801697000000E+01
   3.650484439700000E+00   9.775740188200000E+00   9.756326423200001E+00   6.157848248900000E-01   2.229009888200000E+01
   3.649472421400000E+00   9.777475887900000E+00   9.758119734499999E+00   6.149259992700000E-01   2.232234781900000E+01
   3.648452504500000E+00   9.779216716400001E+00   9.759918193500001E+00   6.140655028100001E-01   2.235476617700000E+01
   3.647424590800000E+00   9.780962791200000E+00   9.761721919799999E+00   6.132032965899999E-01   2.238735649100000E+01
   3.646388593000000E+00   9.782714229000000E+00   9.763531032100000E+00   6.123393426000000E-01   2.242012124300000E+01
   3.645344406300000E+00   9.784471153600000E+00   9.765345656599999E+00   6.114735996100000E-01   2.245306311600000E+01
   3.644291938400000E+00   9.786233688999999E+00   9.767165919300000E+00   6.106060269600000E-01   2.248618474700000E+01
   3.643231086300000E+00   9.788001963199999E+00   9.768991950700000E+00   6.097365821900000E-01   2.251948890000000E+01
   3.642161748900000E+00   9.789776107600000E+00   9.770823884300000E+00   6.088652219200000E-01   2.255297838600000E+01
   3.641083814700000E+00   9.791556255100000E+00   9.772661855599999E+00   6.079919023100000E-01   2.258665610200000E+01
   3.639997177200000E+00   9.793342543800000E+00   9.774506004899999E+00   6.071165776600000E-01   2.262052501200000E+01
   3.638901723200000E+00   9.795135115200001E+00   9.776356476600000E+00   6.062392009200001E-01   2.265458818100000E+01
   3.637797332400000E+00   9.796934113000001E+00   9.778213416500000E+00   6.053597247500000E-01   2.268884874000000E+01
   3.636683891400000E+00   9.798739685399999E+00   9.780076975600000E+00   6.044780999700000E-01   2.272330988300000E+01
   3.635561272100000E+00   9.800551985200000E+00   9.781947309500000E+00   6.035942758600000E-01   2.275797494800000E+01
   3.634429345900000E+00   9.802371167400000E+00   9.783824575700001E+00   6.027082012600000E-01   2.279284732000000E+01
   3.633287989400000E+00   9.804197394799999E+00   9.785708939999999E+00   6.018198217400000E-01   2.282793050900000E+01
   3.632137061400000E+00   9.806030829099999E+00   9.787600566900000E+00   6.009290840800000E-01   2.286322808700000E+01
   3.630976429600000E+00   9.807871642600000E+00   9.789499631700000E+00   6.000359307399999E-01   2.289874377300000E+01
   3.629805949400000E+00   9.809720005899999E+00   9.791406307999999E+00   5.991403055000000E-01   2.293448132700000E+01
   3.628625464600000E+00   9.811576100600000E+00   9.793320780500000E+00   5.982421477500000E-01   2.297044474600000E+01
   3.627434840600000E+00   9.813440109500000E+00   9.795243235299999E+00   5.973413969000000E-01   2.300663797600000E+01
   3.626233910700000E+00   9.815312222699999E+00   9.797173865600000E+00   5.964379897400000E-01   2.304306522300000E+01
   3.625022511800000E+00   9.817192634400000E+00   9.799112869100000E+00   5.955318618600000E-01   2.307973076400000E+01
   3.623800485600000E+00   9.819081545300000E+00   9.801060450100000E+00   5.946229465500000E-01   2.311663897900000E+01
   3.622567657800000E+00   9.820979162400000E+00   9.803016818700000E+00   5.937111751300000E-01   2.315379442700000E+01
   3.621323844200000E+00   9.822885698900000E+00   9.804982192300001E+00   5.927964766200000E-01   2.319120183100000E+01
   3.620068875400000E+00   9.824801373200000E+00   9.806956792699999E+00   5.918787787300001E-01   2.322886595400000E+01
   3.618802550400000E+00   9.826726412599999E+00   9.808940851199999E+00   5.909580058500000E-01   2.326679184900000E+01
   3.617524682500000E+00   9.828661051299999E+00   9.810934606100000E+00   5.900340800600000E-01   2.330498464900000E+01
   3.616235065400000E+00   9.830605529900000E+00   9.812938301999999E+00   5.891069216500000E-01   2.334344968100000E+01
   3.614933494300000E+00   9.832560096600000E+00   9.814952191300000E+00   5.881764482500000E-01   2.338219241900000E+01
   3.613619750500000E+00   9.834525007700000E+00   9.816976534900000E+00   5.872425749300000E-01   2.342121854300000E+01
   3.612293609400000E+00   9.836500529800000E+00   9.819011603500000E+00   5.863052132000000E-01   2.346053394500000E+01
   3.610954847100000E+00   9.838486938200001E+00   9.821057677400001E+00   5.853642715700000E-01   2.350014468700000E+01
   3.609603217800000E+00   9.840484515200000E+00   9.823115043600000E+00   5.844196567200000E-01   2.354005705100000E+01
   3.608238481000000E+00   9.842493554600001E+00   9.825184000700000E+00   5.834712713400000E-01   2.358027751000000E+01
   3.606860374400000E+00   9.844514362900000E+00   9.827264860600000E+00   5.825190135200000E-01   2.362081286800000E+01
   3.605468634300000E+00   9.846547251100001E+00   9.829357939399999E+00   5.815627808700000E-01   2.366167002400000E+01
   3.604062982800000E+00   9.848592547899999E+00   9.831463571300000E+00   5.806024643400000E-01   2.370285625800000E+01
   3.602643139500000E+00   9.850650590800001E+00   9.833582099499999E+00   5.796379524100000E-01   2.374437903300000E+01
   3.601208799400000E+00   9.852721728500001E+00   9.835713878400000E+00   5.786691301700000E-01   2.378624612100000E+01
   3.599759664100000E+00   9.854806327200000E+00   9.837859280400000E+00   5.776958762900000E-01   2.382846559700000E+01
   3.598295413000000E+00   9.856904763699999E+00   9.840018688600001E+00   5.767180666300000E-01   2.387104582000000E+01
   3.596815700500000E+00   9.859017429300000E+00   9.842192500700000E+00   5.757355723399999E-01   2.391399552800000E+01
   3.595320196300000E+00   9.861144731300000E+00   9.844381130900000E+00   5.747482591700001E-01   2.395732369900000E+01
   3.593808531200000E+00   9.863287093200000E+00   9.846585009500000E+00   5.737559878900000E-01   2.400103976500000E+01
   3.592280338300000E+00   9.865444955599999E+00   9.848804584500000E+00   5.727586135400000E-01   2.404515347500000E+01
   3.590735224800000E+00   9.867618776600001E+00   9.851040321399999E+00   5.717559858200000E-01   2.408967500500000E+01
   3.589172782300000E+00   9.869809032599999E+00   9.853292704399999E+00   5.707479485600000E-01   2.413461494200000E+01
   3.587592585200000E+00   9.872016221499999E+00   9.855562239799999E+00   5.697343384700000E-01   2.417998434300000E+01
   3.585994206900000E+00   9.874240861800001E+00   9.857849454200000E+00   5.687149859700000E-01   2.422579464700000E+01
   3.584377169400000E+00   9.876483491800000E+00   9.860154894800001E+00   5.676897153600000E-01   2.427205788400000E+01
   3.582741006500000E+00   9.878744677200000E+00   9.862479136699999E+00   5.666583417800000E-01   2.431878653600000E+01
   3.581085210000000E+00   9.881025005700000E+00   9.864822776800001E+00   5.656206739900000E-01   2.436599366700000E+01
   3.579409259500000E+00   9.883325092800000E+00   9.867186440499999E+00   5.645765116900000E-01   2.441369290900000E+01
   3.577712606300000E+00   9.885645580000000E+00   9.869570779800000E+00   5.635256466800000E-01   2.446189849500000E+01
   3.575994671600000E+00   9.887987141000000E+00   9.871976479300001E+00   5.624678604100000E-01   2.451062537600000E+01
   3.574254864800000E+00   9.890350477900000E+00   9.874404251900000E+00   5.614029259700000E-01   2.455988907400000E+01
   3.572492556800000E+00   9.892736331200000E+00   9.876854850300001E+00   5.603306037400000E-01   2.460970598000000E+01
   3.570707083300000E+00   9.895145467500001E+00   9.879329052899999E+00   5.592506474000000E-01   2.466009312100000E+01
   3.568897757500000E+00   9.897578697400000E+00   9.881827683399999E+00   5.581627961900000E-01   2.471106841700000E+01
   3.567063865500000E+00   9.900036870399999E+00   9.884351604400001E+00   5.570667775500000E-01   2.476265062200000E+01
   3.565204636500000E+00   9.902520877800001E+00   9.886901721499999E+00   5.559623062800000E-01   2.481485949400000E+01
   3.563319281000000E+00   9.905031653000000E+00   9.889478982200000E+00   5.548490849500000E-01   2.486771563900000E+01
   3.561406954800000E+00   9.907570179500000E+00   9.892084385600000E+00   5.537268005800000E-01   2.492124081200000E+01
   3.559466786700000E+00   9.910137489200000E+00   9.894718979400000E+00   5.525951260700001E-01   2.497545776500000E+01
   3.557497851800000E+00   9.912734667600001E+00   9.897383865800000E+00   5.514537185500000E-01   2.503039045200000E+01
   3.555499176200000E+00   9.915362857100000E+00   9.900080204500000E+00   5.503022183200000E-01   2.508606407000000E+01
   3.553469735500000E+00   9.918023258900000E+00   9.902809215100000E+00   5.491402488000000E-01   2.514250509900000E+01
   3.551408459600000E+00   9.920717140100001E+00   9.905572183700000E+00   5.479674141600001E-01   2.519974140500000E+01
   3.549314212200000E+00   9.923445830500000E+00   9.908370460000000E+00   5.467833014000000E-01   2.525780226800000E+01
   3.547185803500000E+00   9.926210735500000E+00   9.911205470100001E+00   5.455874756100000E-01   2.531671855900000E+01
   3.545021974000000E+00   9.929013327900000E+00   9.914078708700000E+00   5.443794843100001E-01   2.537652266400000E+01
   3.542821413700000E+00   9.931855166000000E+00   9.916991756700000E+00   5.431588508300000E-01   2.543724870900000E+01
   3.540582729000000E+00   9.934737885300001E+00   9.919946273000001E+00   5.419250787200000E-01   2.549893255900000E+01
   3.538304465000000E+00   9.937663204700000E+00   9.922944001099999E+00   5.406776502400000E-01   2.556161182500000E+01
   3.535985083800000E+00   9.940632936100000E+00   9.925986778300000E+00   5.394160234900000E-01   2.562532612600000E+01
   3.533622981800000E+00   9.943648978300001E+00   9.929076529800000E+00   5.381396362200001E-01   2.569011689000000E+01
   3.531216479000000E+00   9.946713319700001E+00   9.932215271100000E+00   5.368479061200000E-01   2.575602743900000E+01
   3.528763811200000E+00   9.949828044900000E+00   9.935405114300000E+00   5.355402294800000E-01   2.582310312800000E+01
   3.526263149700000E+00   9.952995324200000E+00   9.938648258300001E+00   5.342159869100001E-01   2.589139106000000E+01
   3.523712589800000E+00   9.956217416900000E+00   9.941946991100000E+00   5.328745437100000E-01   2.596094017100000E+01
   3.521110167500000E+00   9.959496659299999E+00   9.945303677500000E+00   5.315152564600000E-01   2.603180091400000E+01
   3.518453856700000E+00   9.962835455300000E+00   9.948720750100000E+00   5.301374782800000E-01   2.610402508700000E+01
   3.515741603100000E+00   9.966236261500001E+00   9.952200693000000E+00   5.287405668000000E-01   2.617766536900000E+01
   3.512971331300000E+00   9.969701560100001E+00   9.955746014500001E+00   5.273238965900000E-01   2.625277477000000E+01
   3.510140966100000E+00   9.973233827300000E+00   9.959359214799999E+00   5.258868732799999E-01   2.632940592300000E+01
   3.507248493400000E+00   9.976835496000000E+00   9.963042747699999E+00   5.244289496500000E-01   2.640761009100000E+01
   3.504291992300000E+00   9.980508890599999E+00   9.966798953400000E+00   5.229496527000000E-01   2.648743578400000E+01
   3.501269690600000E+00   9.984256158899999E+00   9.970629989800001E+00   5.214486105200000E-01   2.656892722300000E+01
   3.498180066900000E+00   9.988079180500000E+00   9.974537738600000E+00   5.199255879900000E-01   2.665212216300000E+01
   3.495021926600000E+00   9.991979451300001E+00   9.978523687399999E+00   5.183805303900000E-01   2.673704938400000E+01
   3.491794535900000E+00   9.995957948299999E+00   9.982588792200000E+00   5.168136128400000E-01   2.682372557800000E+01
   3.488497746800000E+00   1.000001496400000E+01   9.986733308200000E+00   5.152252996200000E-01   2.691215170700000E+01
   3.485132173800000E+00   1.000414992600000E+01   9.990956607599999E+00   5.136164057900000E-01   2.700230890800000E+01
   3.481699340400000E+00   1.000836119500000E+01   9.995256971900000E+00   5.119881650700000E-01   2.709415408500000E+01
   3.478201873800000E+00   1.001264586000000E+01   9.999631386400001E+00   5.103422934400000E-01   2.718761534300000E+01
   3.474643661200000E+00   1.001699954300000E+01   1.000407534100000E+01   5.086810462200000E-01   2.728258774600000E+01
   3.471029987300000E+00   1.002141624400000E+01   1.000858267600000E+01   5.070072552000000E-01   2.737892997600000E+01
   3.467367599100000E+00   1.002588825400000E+01   1.001314549000000E+01   5.053243384200000E-01   2.747646253200000E+01
   3.463664722000000E+00   1.003040616100000E+01   1.001775415300000E+01   5.036362714000000E-01   2.757496798000000E+01
   3.459930917500000E+00   1.003495897600000E+01   1.002239743500000E+01   5.019475137000000E-01   2.767419414100000E+01
   3.456176879100000E+00   1.003953440400000E+01   1.002706278500000E+01   5.002628853900000E-01   2.777386018800000E+01
   3.452414086400000E+00   1.004411923700000E+01   1.003173673100000E+01   4.985874038200000E-01   2.787366560200000E+01
   3.448654381300000E+00   1.004869984300000E+01   1.003640538200000E+01   4.969260909300000E-01   2.797330132300000E+01
   3.444909503000000E+00   1.005326271100000E+01   1.004105498100000E+01   4.952837734000000E-01   2.807246187800000E+01
   3.441190645500000E+00   1.005779497600000E+01   1.004567243900000E+01   4.936648959800000E-01   2.817085718200000E+01
   3.437508063900000E+00   1.006228488000000E+01   1.005024580800000E+01   4.920733708100000E-01   2.826822270000000E+01
   3.433870755200000E+00   1.006672210600000E+01   1.005476461500000E+01   4.905124762900000E-01   2.836432705400000E+01
   3.430286309800000E+00   1.007109800100000E+01   1.005922009000000E+01   4.889848040900000E-01   2.845897657200000E+01
   3.426760837000000E+00   1.007540564400000E+01   1.006360522800000E+01   4.874922600000000E-01   2.855201680200000E+01
   3.423298977700000E+00   1.007963980800000E+01   1.006791475800000E+01   4.860361024100000E-01   2.864333164400000E+01
   3.419904022400000E+00   1.008379684000000E+01   1.007214500800000E+01   4.846170091600000E-01   2.873284039400000E+01
   3.416578056300000E+00   1.008787448000000E+01   1.007629372800000E+01   4.832351593300000E-01   2.882049372500000E+01
   3.413322140500000E+00   1.009187166200000E+01   1.008035988300000E+01   4.818903195300000E-01   2.890626906300000E+01
   3.410136482700000E+00   1.009578830400000E+01   1.008434343400000E+01   4.805819297200000E-01   2.899016586000000E+01
   3.407020592600000E+00   1.009962511100000E+01   1.008824514500000E+01   4.793091795300000E-01   2.907220125900000E+01
   3.403973467700000E+00   1.010338339700000E+01   1.009206639400000E+01   4.780710770100000E-01   2.915240587100000E+01
   3.400993688200000E+00   1.010706493300000E+01   1.009580902600000E+01   4.768665032000000E-01   2.923082060700000E+01
   3.398079549900000E+00   1.011067182200000E+01   1.009947521700000E+01   4.756942588700000E-01   2.930749366200000E+01
   3.395229141600000E+00   1.011420638200000E+01   1.010306736100000E+01   4.745531040200000E-01   2.938247806100000E+01
   3.392440435300000E+00   1.011767108200000E+01   1.010658800000000E+01   4.734417804000000E-01   2.945583000600000E+01
   3.389711315900000E+00   1.012106845200000E+01   1.011003974000000E+01   4.723590392100000E-01   2.952760720200000E+01
   3.387039662100000E+00   1.012440105600000E+01   1.011342521600000E+01   4.713036513900000E-01   2.959786784000000E+01
   3.384423339200000E+00   1.012767143400000E+01   1.011674703900000E+01   4.702744232200000E-01   2.966666970100000E+01
   3.381860255100000E+00   1.013088208700000E+01   1.012000777400000E+01   4.692702012500000E-01   2.973406953100000E+01
   3.379348356300000E+00   1.013403545200000E+01   1.012320992300000E+01   4.682898776200000E-01   2.980012267700000E+01
   3.376885667900000E+00   1.013713388700000E+01   1.012635590300000E+01   4.673323941500000E-01   2.986488257400000E+01
   3.374470268600000E+00   1.014017966400000E+01   1.012944804500000E+01   4.663967420000000E-01   2.992840079100000E+01
   3.372100319800000E+00   1.014317496400000E+01   1.013248858400000E+01   4.654819624300000E-01   2.999072676600000E+01
   3.369774059300000E+00   1.014612187200000E+01   1.013547965400000E+01   4.645871467900000E-01   3.005190774600000E+01
   3.367489807100000E+00   1.014902237900000E+01   1.013842329700000E+01   4.637114332000000E-01   3.011198887000000E+01
   3.365245943500000E+00   1.015187837900000E+01   1.014132145200000E+01   4.628540075900000E-01   3.017101314100000E+01
   3.363040951100000E+00   1.015469167800000E+01   1.014417596700000E+01   4.620140990500000E-01   3.022902141100000E+01
   3.361056638600000E+00   1.015722932600000E+01   1.014675053200000E+01   4.612604778800000E-01   3.028123027600000E+01
   3.358922060500000E+00   1.015996557200000E+01   1.014952630800000E+01   4.604521129900000E-01   3.033739997900000E+01
   3.356822308500000E+00   1.016266387700000E+01   1.015226331600000E+01   4.596592526300000E-01   3.039266159100000E+01
   3.354756124600000E+00   1.016532571700000E+01   1.015496306700000E+01   4.588812786000000E-01   3.044704858300000E+01
   3.352722309200000E+00   1.016795248700000E+01   1.015762698900000E+01   4.581176081700000E-01   3.050059265700000E+01
   3.350719734400000E+00   1.017054552100000E+01   1.016025644300000E+01   4.573676879900000E-01   3.055332398200000E+01
   3.348747324100000E+00   1.017310607700000E+01   1.016285271900000E+01   4.566309964500000E-01   3.060527111600000E+01
   3.346804057300000E+00   1.017563535400000E+01   1.016541704100000E+01   4.559070390900000E-01   3.065646121700000E+01
   3.344888959400000E+00   1.017813448900000E+01   1.016795057300000E+01   4.551953474600000E-01   3.070692012100000E+01
   3.343001100100000E+00   1.018060456400000E+01   1.017045442200000E+01   4.544954778700000E-01   3.075667238400000E+01
   3.341139616900000E+00   1.018304660600000E+01   1.017292963500000E+01   4.538070103300000E-01   3.080574121300000E+01
   3.339303652100000E+00   1.018546159400000E+01   1.017537721600000E+01   4.531295451200000E-01   3.085414893400000E+01
   3.337492427600000E+00   1.018785045500000E+01   1.017779811200000E+01   4.524627044900000E-01   3.090191651200000E+01
   3.335705169700000E+00   1.019021408000000E+01   1.018019323100000E+01   4.518061278100000E-01   3.094906417500000E+01
   3.333941156600000E+00   1.019255331000000E+01   1.018256343500000E+01   4.511594734500000E-01   3.099561105000000E+01
   3.332199706300000E+00   1.019486894900000E+01   1.018490954500000E+01   4.505224166500000E-01   3.104157533300000E+01
   3.330480149400000E+00   1.019716176600000E+01   1.018723234700000E+01   4.498946471400000E-01   3.108697453800000E+01
   3.328781868300000E+00   1.019943249300000E+01   1.018953258800000E+01   4.492758705400000E-01   3.113182521100000E+01
   3.327104253600000E+00   1.020168182800000E+01   1.019181098300000E+01   4.486658059200000E-01   3.117614327200000E+01
   3.325446733500000E+00   1.020391043800000E+01   1.019406821300000E+01   4.480641859400000E-01   3.121994384400000E+01
   3.323808760500000E+00   1.020611896500000E+01   1.019630493100000E+01   4.474707542500000E-01   3.126324146400000E+01
   3.322189812600000E+00   1.020830801700000E+01   1.019852176200000E+01   4.468852673700000E-01   3.130604995200000E+01
   3.320589375300000E+00   1.021047817900000E+01   1.020071930200000E+01   4.463074917700000E-01   3.134838266100000E+01
   3.319006974800000E+00   1.021263001100000E+01   1.020289812200000E+01   4.457372049800000E-01   3.139025224000000E+01
   3.317442149300000E+00   1.021476404900000E+01   1.020505877100000E+01   4.451741934800000E-01   3.143167088700000E+01
   3.315894454900000E+00   1.021688080800000E+01   1.020720177400000E+01   4.446182533100000E-01   3.147265027600000E+01
   3.314363463100000E+00   1.021898077900000E+01   1.020932763300000E+01   4.440691893000000E-01   3.151320161300000E+01
   3.312848775800000E+00   1.022106443600000E+01   1.021143683200000E+01   4.435268140400000E-01   3.155333560400000E+01
   3.311349986900000E+00   1.022313223400000E+01   1.021352983600000E+01   4.429909481200000E-01   3.159306263300000E+01
   3.309866732400000E+00   1.022518461000000E+01   1.021560708900000E+01   4.424614191700000E-01   3.163239256300000E+01
   3.308398646100000E+00   1.022722198300000E+01   1.021766902200000E+01   4.419380617100000E-01   3.167133495200000E+01
   3.306945380300000E+00   1.022924475500000E+01   1.021971604300000E+01   4.414207176600000E-01   3.170989892300000E+01
   3.305506594500000E+00   1.023125331600000E+01   1.022174855300000E+01   4.409092338000000E-01   3.174809336100000E+01
   3.304081973100000E+00   1.023324804000000E+01   1.022376693000000E+01   4.404034638700000E-01   3.178592669700000E+01
   3.302671204500000E+00   1.023522928600000E+01   1.022577154300000E+01   4.399032667200000E-01   3.182340711300000E+01
   3.301273985600000E+00   1.023719740200000E+01   1.022776274800000E+01   4.394085063200000E-01   3.186054252100000E+01
   3.299890030000000E+00   1.023915272100000E+01   1.022974088200000E+01   4.389190528400000E-01   3.189734045100000E+01
   3.298519057600000E+00   1.024109556700000E+01   1.023170627800000E+01   4.384347794500000E-01   3.193380828900000E+01
   3.297160802100000E+00   1.024302624900000E+01   1.023365925100000E+01   4.379555658200000E-01   3.196995302700000E+01
   3.295815004000000E+00   1.024494507000000E+01   1.023560011000000E+01   4.374812942000000E-01   3.200578153200000E+01
   3.294481409000000E+00   1.024685231800000E+01   1.023752914900000E+01   4.370118523600000E-01   3.204130037000000E+01
   3.293159783400000E+00   1.024874827600000E+01   1.023944665600000E+01   4.365471312000000E-01   3.207651587500000E+01
   3.291849880300000E+00   1.025063321100000E+01   1.024135290600000E+01   4.360870258700000E-01   3.211143424200000E+01
   3.290551484700000E+00   1.025250739000000E+01   1.024324816800000E+01   4.356314345100000E-01   3.214606137900000E+01
   3.289264370500000E+00   1.025437106200000E+01   1.024513269900000E+01   4.351802596600000E-01   3.218040303200000E+01
   3.287988335600000E+00   1.025622447500000E+01   1.024700675100000E+01   4.347334061200000E-01   3.221446473900000E+01
   3.286723162300000E+00   1.025806786600000E+01   1.024887056500000E+01   4.342907824000000E-01   3.224825193500000E+01
   3.285468665100000E+00   1.025990146500000E+01   1.025072437700000E+01   4.338522998500000E-01   3.228176976500000E+01
   3.284224637600000E+00   1.026172549500000E+01   1.025256841400000E+01   4.334178728200000E-01   3.231502333700000E+01
   3.282990912000000E+00   1.026354017100000E+01   1.025440289600000E+01   4.329874183600000E-01   3.234801744500000E+01
   3.281767293400000E+00   1.026534570300000E+01   1.025622803500000E+01   4.325608561100000E-01   3.238075689200000E+01
   3.280553602100000E+00   1.026714229600000E+01   1.025804404200000E+01   4.321381078800000E-01   3.241324631600000E+01
   3.279349687700000E+00   1.026893014400000E+01   1.025985111600000E+01   4.317190985900000E-01   3.244549005100000E+01
   3.278155371300000E+00   1.027070944100000E+01   1.026164945300000E+01   4.313037547100000E-01   3.247749251200000E+01
   3.276970495900000E+00   1.027248037100000E+01   1.026343924100000E+01   4.308920056600000E-01   3.250925785700000E+01
   3.275794905800000E+00   1.027424311600000E+01   1.026522066600000E+01   4.304837824800000E-01   3.254079016800000E+01
   3.274628452100000E+00   1.027599785100000E+01   1.026699390700000E+01   4.300790181700000E-01   3.257209340400000E+01
   3.273470982400000E+00   1.027774474600000E+01   1.026875913600000E+01   4.296776482700000E-01   3.260317141500000E+01
   3.272322362000000E+00   1.027948396600000E+01   1.027051652200000E+01   4.292796100700000E-01   3.263402788100000E+01
   3.271182451300000E+00   1.028121567400000E+01   1.027226623100000E+01   4.288848418800000E-01   3.266466647000000E+01
   3.270051114900000E+00   1.028294002500000E+01   1.027400842200000E+01   4.284932846000000E-01   3.269509069700000E+01
   3.268928219200000E+00   1.028465717200000E+01   1.027574325100000E+01   4.281048806600000E-01   3.272530399600000E+01
   3.267813638800000E+00   1.028636726500000E+01   1.027747086900000E+01   4.277195736900000E-01   3.275530971300000E+01
   3.266707251300000E+00   1.028807044600000E+01   1.027919142400000E+01   4.273373093300000E-01   3.278511107400000E+01
   3.265608930700000E+00   1.028976685900000E+01   1.028090506000000E+01   4.269580345100000E-01   3.281471126700000E+01
   3.264518568200000E+00   1.029145663800000E+01   1.028261191500000E+01   4.265816977000000E-01   3.284411332000000E+01
   3.263436044800000E+00   1.029313992000000E+01   1.028431212700000E+01   4.262082484500000E-01   3.287332026700000E+01
   3.262361250100000E+00   1.029481683200000E+01   1.028600582900000E+01   4.258376380600000E-01   3.290233500600000E+01
   3.261294071400000E+00   1.029648750300000E+01   1.028769315000000E+01   4.254698190500000E-01   3.293116039500000E+01
   3.260234408800000E+00   1.029815205800000E+01   1.028937421700000E+01   4.251047447000000E-01   3.295979919500000E+01
   3.259182158900000E+00   1.029981061600000E+01   1.029104915200000E+01   4.247423702200000E-01   3.298825408700000E+01
   3.258137227300000E+00   1.030146329600000E+01   1.029271807700000E+01   4.243826513200000E-01   3.301652768800000E+01
   3.257099497600000E+00   1.030311021300000E+01   1.029438110800000E+01   4.240255453200000E-01   3.304462264400000E+01
   3.256068891000000E+00   1.030475148000000E+01   1.029603836100000E+01   4.236710103900000E-01   3.307254137700000E+01
   3.255045307500000E+00   1.030638720600000E+01   1.029768994800000E+01   4.233190056300000E-01   3.310028636900000E+01
   3.254028657000000E+00   1.030801749900000E+01   1.029933597700000E+01   4.229694914100000E-01   3.312785999400000E+01
   3.253018857500000E+00   1.030964246300000E+01   1.030097655600000E+01   4.226224289400000E-01   3.315526454000000E+01
   3.252015807200000E+00   1.031126220200000E+01   1.030261178900000E+01   4.222777803300000E-01   3.318250236100000E+01
   3.251019436500000E+00   1.031287681500000E+01   1.030424177900000E+01   4.219355087400000E-01   3.320957558700000E+01
   3.250029658900000E+00   1.031448640100000E+01   1.030586662400000E+01   4.215955780400000E-01   3.323648641200000E+01
   3.249046394700000E+00   1.031609105500000E+01   1.030748642400000E+01   4.212579529200000E-01   3.326323695000000E+01
   3.248069556200000E+00   1.031769087100000E+01   1.030910127300000E+01   4.209225992100000E-01   3.328982930000000E+01
   3.247099075000000E+00   1.031928593900000E+01   1.031071126500000E+01   4.205894834300000E-01   3.331626542900000E+01
   3.246134874500000E+00   1.032087635200000E+01   1.031231649000000E+01   4.202585725800000E-01   3.334254733100000E+01
   3.245176884200000E+00   1.032246219600000E+01   1.031391704000000E+01   4.199298346100000E-01   3.336867691800000E+01
   3.244225025300000E+00   1.032404355700000E+01   1.031551300200000E+01   4.196032382200000E-01   3.339465610900000E+01
   3.243279233300000E+00   1.032562052000000E+01   1.031710446000000E+01   4.192787529200000E-01   3.342048671100000E+01
   3.242339434200000E+00   1.032719316600000E+01   1.031869150000000E+01   4.189563487500000E-01   3.344617055200000E+01
   3.241405573600000E+00   1.032876157800000E+01   1.032027420400000E+01   4.186359962400000E-01   3.347170934600000E+01
   3.240477566500000E+00   1.033032583400000E+01   1.032185265100000E+01   4.183176671300000E-01   3.349710489200000E+01
   3.239555365600000E+00   1.033188601100000E+01   1.032342692300000E+01   4.180013330900000E-01   3.352235881100000E+01
   3.238638901500000E+00   1.033344218700000E+01   1.032499709600000E+01   4.176869668900000E-01   3.354747277800000E+01
   3.237728108700000E+00   1.033499443500000E+01   1.032656324500000E+01   4.173745417100000E-01   3.357244843000000E+01
   3.236822935300000E+00   1.033654282800000E+01   1.032812544600000E+01   4.170640313700000E-01   3.359728730400000E+01
   3.235923317600000E+00   1.033808743900000E+01   1.032968377200000E+01   4.167554100000000E-01   3.362199098400000E+01
   3.235029194900000E+00   1.033962833900000E+01   1.033123829500000E+01   4.164486525000000E-01   3.364656100200000E+01
   3.234140519100000E+00   1.034116559600000E+01   1.033278908500000E+01   4.161437344100000E-01   3.367099878700000E+01
   3.233257227000000E+00   1.034269927700000E+01   1.033433621000000E+01   4.158406315800000E-01   3.369530584100000E+01
   3.232379264800000E+00   1.034422945100000E+01   1.033587974000000E+01   4.155393202700000E-01   3.371948359300000E+01
   3.231506593900000E+00   1.034575618100000E+01   1.033741974000000E+01   4.152397774500000E-01   3.374353336000000E+01
   3.230639141400000E+00   1.034727953200000E+01   1.033895627600000E+01   4.149419804500000E-01   3.376745661700000E+01
   3.229776868200000E+00   1.034879956900000E+01   1.034048941200000E+01   4.146459069600000E-01   3.379125465100000E+01
   3.228919722000000E+00   1.035031635100000E+01   1.034201921100000E+01   4.143515353700000E-01   3.381492877900000E+01
   3.228067651200000E+00   1.035182994100000E+01   1.034354573600000E+01   4.140588441200000E-01   3.383848031800000E+01
   3.227220615700000E+00   1.035334039700000E+01   1.034506904600000E+01   4.137678126500000E-01   3.386191046800000E+01
   3.226378560300000E+00   1.035484778000000E+01   1.034658920300000E+01   4.134784201100000E-01   3.388522053200000E+01
   3.225541441900000E+00   1.035635214600000E+01   1.034810626500000E+01   4.131906464100000E-01   3.390841170700000E+01
   3.224709218400000E+00   1.035785355300000E+01   1.034962028900000E+01   4.129044719300000E-01   3.393148516400000E+01
   3.223881844000000E+00   1.035935205800000E+01   1.035113133400000E+01   4.126198771200000E-01   3.395444209100000E+01
   3.223059268100000E+00   1.036084771300000E+01   1.035263945400000E+01   4.123368433600000E-01   3.397728364800000E+01
   3.222241460500000E+00   1.036234057400000E+01   1.035414470500000E+01   4.120553517600000E-01   3.400001091400000E+01
   3.221428374100000E+00   1.036383069500000E+01   1.035564714000000E+01   4.117753840300000E-01   3.402262502100000E+01
   3.220619963600000E+00   1.036531812600000E+01   1.035714681500000E+01   4.114969223000000E-01   3.404512706900000E+01
   3.219816196100000E+00   1.036680292100000E+01   1.035864378000000E+01   4.112199489300000E-01   3.406751808700000E+01
   3.219017024100000E+00   1.036828513000000E+01   1.036013808700000E+01   4.109444466000000E-01   3.408979916100000E+01
   3.218222414700000E+00   1.036976480100000E+01   1.036162978800000E+01   4.106703984700000E-01   3.411197127900000E+01
   3.217432327900000E+00   1.037124198700000E+01   1.036311893200000E+01   4.103977877500000E-01   3.413403546300000E+01
   3.216646734000000E+00   1.037271673400000E+01   1.036460557000000E+01   4.101265979900000E-01   3.415599267100000E+01
   3.215865584700000E+00   1.037418909000000E+01   1.036608974800000E+01   4.098568132500000E-01   3.417784392100000E+01
   3.215088849500000E+00   1.037565910300000E+01   1.036757151600000E+01   4.095884177000000E-01   3.419959014100000E+01
   3.214316491100000E+00   1.037712681800000E+01   1.036905092000000E+01   4.093213958900000E-01   3.422123227400000E+01
   3.213548476100000E+00   1.037859228200000E+01   1.037052800700000E+01   4.090557325200000E-01   3.424277123500000E+01
   3.212784775200000E+00   1.038005553900000E+01   1.037200282400000E+01   4.087914125200000E-01   3.426420791200000E+01
   3.212025352500000E+00   1.038151663500000E+01   1.037347541500000E+01   4.085284211700000E-01   3.428554320200000E+01
   3.211270168500000E+00   1.038297561200000E+01   1.037494582300000E+01   4.082667442700000E-01   3.430677799500000E+01
   3.210519203600000E+00   1.038443251500000E+01   1.037641409500000E+01   4.080063672600000E-01   3.432791310700000E+01
   3.209772412000000E+00   1.038588738500000E+01   1.037788027200000E+01   4.077472763900000E-01   3.434894943400000E+01
   3.209029775000000E+00   1.038734026500000E+01   1.037934439800000E+01   4.074894578600000E-01   3.436988774600000E+01
   3.208291258800000E+00   1.038879119600000E+01   1.038080651400000E+01   4.072328980900000E-01   3.439072887800000E+01
   3.207556827600000E+00   1.039024022000000E+01   1.038226666300000E+01   4.069775838500000E-01   3.441147365300000E+01
   3.206826457700000E+00   1.039168737500000E+01   1.038372488500000E+01   4.067235021300000E-01   3.443212282500000E+01
   3.206100117700000E+00   1.039313270400000E+01   1.038518122200000E+01   4.064706398000000E-01   3.445267719700000E+01
   3.205377779900000E+00   1.039457624500000E+01   1.038663571300000E+01   4.062189844600000E-01   3.447313750900000E+01
   3.204659422100000E+00   1.039601803500000E+01   1.038808839600000E+01   4.059685238500000E-01   3.449350446700000E+01
   3.203945008000000E+00   1.039745811500000E+01   1.038953931400000E+01   4.057192452200000E-01   3.451377888500000E+01
   3.203234518400000E+00   1.039889652200000E+01   1.039098850200000E+01   4.054711369600000E-01   3.453396141500000E+01
   3.202527920500000E+00   1.040033329400000E+01   1.039243599900000E+01   4.052241870500000E-01   3.455405281200000E+01
   3.201825194000000E+00   1.040176846600000E+01   1.039388184100000E+01   4.049783840100000E-01   3.457405373400000E+01
   3.201126306200000E+00   1.040320207800000E+01   1.039532607000000E+01   4.047337159600000E-01   3.459396493000000E+01
   3.200431241500000E+00   1.040463416300000E+01   1.039676871800000E+01   4.044901719800000E-01   3.461378700300000E+01
   3.199739967300000E+00   1.040606475900000E+01   1.039820982300000E+01   4.042477407600000E-01   3.463352067100000E+01
   3.199052464000000E+00   1.040749389900000E+01   1.039964942100000E+01   4.040064114800000E-01   3.465316655400000E+01
   3.198368701300000E+00   1.040892162000000E+01   1.040108754700000E+01   4.037661732400000E-01   3.467272533900000E+01
   3.197688666500000E+00   1.041034795600000E+01   1.040252423700000E+01   4.035270154000000E-01   3.469219760300000E+01
   3.197012327000000E+00   1.041177294000000E+01   1.040395952500000E+01   4.032889277100000E-01   3.471158400700000E+01
   3.196339672200000E+00   1.041319660700000E+01   1.040539344500000E+01   4.030518997000000E-01   3.473088511200000E+01
   3.195670661300000E+00   1.041461899000000E+01   1.040682603100000E+01   4.028159212500000E-01   3.475010161700000E+01
   3.195005294300000E+00   1.041604012300000E+01   1.040825731700000E+01   4.025809823900000E-01   3.476923400100000E+01
   3.194343535800000E+00   1.041746003700000E+01   1.040968733700000E+01   4.023470733300000E-01   3.478828291600000E+01
   3.193685362400000E+00   1.041887876500000E+01   1.041111612200000E+01   4.021141843500000E-01   3.480724895200000E+01
   3.193030762300000E+00   1.042029634000000E+01   1.041254370600000E+01   4.018823058400000E-01   3.482613263300000E+01
   3.192379710200000E+00   1.042171279200000E+01   1.041397012000000E+01   4.016514284600000E-01   3.484493453500000E+01
   3.191732186800000E+00   1.042312815500000E+01   1.041539539700000E+01   4.014215429000000E-01   3.486365520500000E+01
   3.191088173900000E+00   1.042454245700000E+01   1.041681956800000E+01   4.011926401500000E-01   3.488229516800000E+01
   3.190447653000000E+00   1.042595573200000E+01   1.041824266500000E+01   4.009647109200000E-01   3.490085497000000E+01
   3.189810599900000E+00   1.042736800700000E+01   1.041966471700000E+01   4.007377466000000E-01   3.491933514100000E+01
   3.189177002100000E+00   1.042877931600000E+01   1.042108575800000E+01   4.005117382800000E-01   3.493773617700000E+01
   3.188546834400000E+00   1.043018968600000E+01   1.042250581500000E+01   4.002866774500000E-01   3.495605861100000E+01
   3.187920082900000E+00   1.043159914800000E+01   1.042392492000000E+01   4.000625556000000E-01   3.497430292100000E+01
   3.187296736200000E+00   1.043300773100000E+01   1.042534310200000E+01   3.998393642600000E-01   3.499246957300000E+01
   3.186676769200000E+00   1.043441546400000E+01   1.042676039100000E+01   3.996170953000000E-01   3.501055908000000E+01
   3.186060165500000E+00   1.043582237700000E+01   1.042817681700000E+01   3.993957403600000E-01   3.502857192900000E+01
   3.185446898900000E+00   1.043722849800000E+01   1.042959240900000E+01   3.991752915800000E-01   3.504650862600000E+01
   3.184836974200000E+00   1.043863385500000E+01   1.043100719400000E+01   3.989557409300000E-01   3.506436953000000E+01
   3.184230358300000E+00   1.044003847700000E+01   1.043242120200000E+01   3.987370807300000E-01   3.508215517300000E+01
   3.183627044600000E+00   1.044144239100000E+01   1.043383446100000E+01   3.985193030700000E-01   3.509986596700000E+01
   3.183027010800000E+00   1.044284562500000E+01   1.043524700000000E+01   3.983024004800000E-01   3.511750238000000E+01
   3.182430237200000E+00   1.044424820700000E+01   1.043665884600000E+01   3.980863654800000E-01   3.513506486700000E+01
   3.181836725900000E+00   1.044565016400000E+01   1.043807002600000E+01   3.978711905500000E-01   3.515255377300000E+01
   3.181246444300000E+00   1.044705152300000E+01   1.043948056900000E+01   3.976568685000000E-01   3.516996960500000E+01
   3.180659391100000E+00   1.044845231100000E+01   1.044089050100000E+01   3.974433920900000E-01   3.518731271000000E+01
   3.180075543400000E+00   1.044985255600000E+01   1.044229985000000E+01   3.972307540600000E-01   3.520458355300000E+01
   3.179494884300000E+00   1.045125228200000E+01   1.044370864300000E+01   3.970189475700000E-01   3.522178253700000E+01
   3.178917402200000E+00   1.045265151700000E+01   1.044511690600000E+01   3.968079656400000E-01   3.523891005100000E+01
   3.178343096600000E+00   1.045405028600000E+01   1.044652466500000E+01   3.965978014900000E-01   3.525596641600000E+01
   3.177771937600000E+00   1.045544861600000E+01   1.044793194700000E+01   3.963884483100000E-01   3.527295210600000E+01
   3.177203913600000E+00   1.045684653200000E+01   1.044933877700000E+01   3.961798994800000E-01   3.528986748700000E+01
   3.176639018800000E+00   1.045824406100000E+01   1.045074518400000E+01   3.959721483300000E-01   3.530671290600000E+01
   3.176077239800000E+00   1.045964122600000E+01   1.045215119000000E+01   3.957651885300000E-01   3.532348872000000E+01
   3.175518553400000E+00   1.046103805500000E+01   1.045355682400000E+01   3.955590135000000E-01   3.534019536200000E+01
   3.174962961000000E+00   1.046243457200000E+01   1.045496210900000E+01   3.953536169900000E-01   3.535683311100000E+01
   3.174410442200000E+00   1.046383080200000E+01   1.045636707100000E+01   3.951489928200000E-01   3.537340235900000E+01
   3.173860987600000E+00   1.046522676800000E+01   1.045777173400000E+01   3.949451348400000E-01   3.538990343800000E+01
   3.173314587300000E+00   1.046662249800000E+01   1.045917612600000E+01   3.947420367200000E-01   3.540633669600000E+01
   3.172771228000000E+00   1.046801801400000E+01   1.046058027000000E+01   3.945396927300000E-01   3.542270246200000E+01
   3.172230896300000E+00   1.046941334300000E+01   1.046198419100000E+01   3.943380967500000E-01   3.543900109000000E+01
   3.171693582600000E+00   1.047080850600000E+01   1.046338791200000E+01   3.941372430800000E-01   3.545523288800000E+01
   3.171159279200000E+00   1.047220352900000E+01   1.046479146000000E+01   3.939371257500000E-01   3.547139817300000E+01
   3.170627970800000E+00   1.047359843600000E+01   1.046619485700000E+01   3.937377391600000E-01   3.548749727800000E+01
   3.170099647600000E+00   1.047499325000000E+01   1.046759812900000E+01   3.935390776100000E-01   3.550353051500000E+01
   3.169574303200000E+00   1.047638799700000E+01   1.046900130000000E+01   3.933411354600000E-01   3.551949817600000E+01
   3.169051927900000E+00   1.047778269800000E+01   1.047040439200000E+01   3.931439073400000E-01   3.553540055000000E+01
   3.168532502700000E+00   1.047917737800000E+01   1.047180743100000E+01   3.929473876700000E-01   3.555123799400000E+01
   3.168016022400000E+00   1.048057206100000E+01   1.047321044000000E+01   3.927515711100000E-01   3.556701077400000E+01
   3.167502484700000E+00   1.048196676800000E+01   1.047461344200000E+01   3.925564523900000E-01   3.558271914000000E+01
   3.166991873300000E+00   1.048336152500000E+01   1.047601646100000E+01   3.923620261500000E-01   3.559836342000000E+01
   3.166484180500000E+00   1.048475635400000E+01   1.047741952200000E+01   3.921682871900000E-01   3.561394388700000E+01
   3.165979393300000E+00   1.048615127700000E+01   1.047882264500000E+01   3.919752305600000E-01   3.562946082600000E+01
   3.165477510200000E+00   1.048754631900000E+01   1.048022585600000E+01   3.917828509700000E-01   3.564491448700000E+01
   3.164978518300000E+00   1.048894150100000E+01   1.048162917600000E+01   3.915911435100000E-01   3.566030515400000E+01
   3.164482407000000E+00   1.049033684700000E+01   1.048303263000000E+01   3.914001032400000E-01   3.567563310000000E+01
   3.163989172500000E+00   1.049173238000000E+01   1.048443624100000E+01   3.912097251000000E-01   3.569089857300000E+01
   3.163498805700000E+00   1.049312812200000E+01   1.048584003000000E+01   3.910200045100000E-01   3.570610181800000E+01
   3.163011301800000E+00   1.049452409500000E+01   1.048724402100000E+01   3.908309365100000E-01   3.572124308300000E+01
   3.162526641600000E+00   1.049592032200000E+01   1.048864823700000E+01   3.906425164300000E-01   3.573632267000000E+01
   3.162044828800000E+00   1.049731682600000E+01   1.049005270000000E+01   3.904547395700000E-01   3.575134076700000E+01
   3.161565850400000E+00   1.049871362900000E+01   1.049145743300000E+01   3.902676012000000E-01   3.576629765100000E+01
   3.161089702900000E+00   1.050011075300000E+01   1.049286245800000E+01   3.900810969400000E-01   3.578119352600000E+01
   3.160616370500000E+00   1.050150822000000E+01   1.049426779800000E+01   3.898952221700000E-01   3.579602867900000E+01
   3.160145860500000E+00   1.050290605300000E+01   1.049567347600000E+01   3.897099724000000E-01   3.581080326500000E+01
   3.159678151500000E+00   1.050430427400000E+01   1.049707951300000E+01   3.895253432100000E-01   3.582551758600000E+01
   3.159213250700000E+00   1.050570290400000E+01   1.049848593100000E+01   3.893413303500000E-01   3.584017178600000E+01
   3.158751135500000E+00   1.050710196700000E+01   1.049989275400000E+01   3.891579293200000E-01   3.585476617900000E+01
   3.158291812100000E+00   1.050850148300000E+01   1.050130000300000E+01   3.889751359400000E-01   3.586930090800000E+01
   3.157835276400000E+00   1.050990147500000E+01   1.050270770100000E+01   3.887929459300000E-01   3.588377617900000E+01
   3.157381508100000E+00   1.051130196400000E+01   1.050411586900000E+01   3.886113552200000E-01   3.589819226600000E+01
   3.156930514900000E+00   1.051270297300000E+01   1.050552453000000E+01   3.884303595200000E-01   3.591254931600000E+01
   3.156482278700000E+00   1.051410452300000E+01   1.050693370600000E+01   3.882499548500000E-01   3.592684758600000E+01
   3.156036806100000E+00   1.051550663600000E+01   1.050834341800000E+01   3.880701370900000E-01   3.594108721700000E+01
   3.155594082700000E+00   1.051690933400000E+01   1.050975368800000E+01   3.878909022800000E-01   3.595526844900000E+01
   3.155154109200000E+00   1.051831263900000E+01   1.051116454000000E+01   3.877122464200000E-01   3.596939144300000E+01
   3.154716880500000E+00   1.051971657100000E+01   1.051257599300000E+01   3.875341656300000E-01   3.598345638700000E+01
   3.154282381300000E+00   1.052112115400000E+01   1.051398807100000E+01   3.873566559800000E-01   3.599746352400000E+01
   3.153850619900000E+00   1.052252640800000E+01   1.051540079500000E+01   3.871797137500000E-01   3.601141296000000E+01
   3.153421582000000E+00   1.052393235500000E+01   1.051681418600000E+01   3.870033350100000E-01   3.602530493400000E+01
   3.152995269100000E+00   1.052533901700000E+01   1.051822826800000E+01   3.868275160600000E-01   3.603913958700000E+01
   3.152571671100000E+00   1.052674641500000E+01   1.051964306000000E+01   3.866522532300000E-01   3.605291711800000E+01
   3.152150789000000E+00   1.052815457100000E+01   1.052105858600000E+01   3.864775427500000E-01   3.606663767600000E+01
   3.151732616600000E+00   1.052956350600000E+01   1.052247486700000E+01   3.863033809800000E-01   3.608030144000000E+01
   3.151317147300000E+00   1.053097324300000E+01   1.052389192500000E+01   3.861297644300000E-01   3.609390858000000E+01
   3.150904379300000E+00   1.053238380200000E+01   1.052530978100000E+01   3.859566894400000E-01   3.610745925300000E+01
   3.150494306400000E+00   1.053379520600000E+01   1.052672845800000E+01   3.857841524300000E-01   3.612095363500000E+01
   3.150086931800000E+00   1.053520747500000E+01   1.052814797600000E+01   3.856121500400000E-01   3.613439183600000E+01
   3.149682243000000E+00   1.053662063100000E+01   1.052956835800000E+01   3.854406788000000E-01   3.614777405700000E+01
   3.149280238300000E+00   1.053803469600000E+01   1.053098962500000E+01   3.852697352100000E-01   3.616110044500000E+01
   3.148880923600000E+00   1.053944969200000E+01   1.053241180000000E+01   3.850993158900000E-01   3.617437110000000E+01
   3.148484278700000E+00   1.054086563900000E+01   1.053383490300000E+01   3.849294175600000E-01   3.618758625000000E+01
   3.148090316500000E+00   1.054228256000000E+01   1.053525895700000E+01   3.847600368500000E-01   3.620074595800000E+01
   3.147699027600000E+00   1.054370047600000E+01   1.053668398300000E+01   3.845911704500000E-01   3.621385039800000E+01
   3.147310408600000E+00   1.054511941000000E+01   1.053811000400000E+01   3.844228151500000E-01   3.622689970900000E+01
   3.146924459600000E+00   1.054653938100000E+01   1.053953704100000E+01   3.842549677500000E-01   3.623989400800000E+01
   3.146541171500000E+00   1.054796041200000E+01   1.054096511500000E+01   3.840876250300000E-01   3.625283346300000E+01
   3.146160553000000E+00   1.054938252600000E+01   1.054239425000000E+01   3.839207837600000E-01   3.626571814900000E+01
   3.145782585000000E+00   1.055080574300000E+01   1.054382446600000E+01   3.837544409000000E-01   3.627854827600000E+01
   3.145407281800000E+00   1.055223008500000E+01   1.054525578500000E+01   3.835885933900000E-01   3.629132387800000E+01
   3.145034631200000E+00   1.055365557400000E+01   1.054668822900000E+01   3.834232381300000E-01   3.630404513200000E+01
   3.144664633900000E+00   1.055508223200000E+01   1.054812182100000E+01   3.832583720200000E-01   3.631671214600000E+01
   3.144297291300000E+00   1.055651008100000E+01   1.054955658200000E+01   3.830939921200000E-01   3.632932501600000E+01
   3.143932603300000E+00   1.055793914100000E+01   1.055099253400000E+01   3.829300954800000E-01   3.634188384600000E+01
   3.143570555200000E+00   1.055936943700000E+01   1.055242970000000E+01   3.827666790600000E-01   3.635438882000000E+01
   3.143211157900000E+00   1.056080098800000E+01   1.055386810100000E+01   3.826037399800000E-01   3.636683997900000E+01
   3.142854411200000E+00   1.056223381800000E+01   1.055530776000000E+01   3.824412753900000E-01   3.637923742400000E+01
   3.142500299500000E+00   1.056366794800000E+01   1.055674869800000E+01   3.822792824100000E-01   3.639158133000000E+01
   3.142148835900000E+00   1.056510340100000E+01   1.055819093800000E+01   3.821177581700000E-01   3.640387172900000E+01
   3.141800018500000E+00   1.056654019800000E+01   1.055963450300000E+01   3.819566998700000E-01   3.641610872300000E+01
   3.141453834500000E+00   1.056797836200000E+01   1.056107941400000E+01   3.817961047500000E-01   3.642829247000000E+01
   3.141110297200000E+00   1.056941791400000E+01   1.056252569400000E+01   3.816359700800000E-01   3.644042298800000E+01
   3.140769395000000E+00   1.057085887900000E+01   1.056397336600000E+01   3.814762930000000E-01   3.645250043400000E+01
   3.140431128200000E+00   1.057230127700000E+01   1.056542245100000E+01   3.813170709200000E-01   3.646452488600000E+01
   3.140095513000000E+00   1.057374513000000E+01   1.056687297200000E+01   3.811583012100000E-01   3.647649634100000E+01
   3.139762527600000E+00   1.057519046100000E+01   1.056832495300000E+01   3.809999811000000E-01   3.648841500200000E+01
   3.139432185800000E+00   1.057663729400000E+01   1.056977841500000E+01   3.808421079900000E-01   3.650028087700000E+01
   3.139104476000000E+00   1.057808565100000E+01   1.057123338200000E+01   3.806846792800000E-01   3.651209410600000E+01
   3.138779407700000E+00   1.057953555400000E+01   1.057268987600000E+01   3.805276923400000E-01   3.652385471900000E+01
   3.138456977500000E+00   1.058098702500000E+01   1.057414791900000E+01   3.803711447400000E-01   3.653556280400000E+01
   3.138137180400000E+00   1.058244008900000E+01   1.057560753600000E+01   3.802150338200000E-01   3.654721846800000E+01
   3.137820033500000E+00   1.058389476700000E+01   1.057706874900000E+01   3.800593571600000E-01   3.655882168700000E+01
   3.137505516600000E+00   1.058535108300000E+01   1.057853158100000E+01   3.799041121800000E-01   3.657037264700000E+01
   3.137193641500000E+00   1.058680906000000E+01   1.057999605600000E+01   3.797492964400000E-01   3.658187135000000E+01
   3.136884407000000E+00   1.058826872000000E+01   1.058146219500000E+01   3.795949075700000E-01   3.659331786900000E+01
   3.136577820000000E+00   1.058973008800000E+01   1.058293002500000E+01   3.794409430200000E-01   3.660471223900000E+01
   3.136273873900000E+00   1.059119318600000E+01   1.058439956600000E+01   3.792874005200000E-01   3.661605455300000E+01
   3.135972563800000E+00   1.059265803800000E+01   1.058587084300000E+01   3.791342776300000E-01   3.662734490200000E+01
   3.135673903000000E+00   1.059412466700000E+01   1.058734388000000E+01   3.789815719600000E-01   3.663858328000000E+01
   3.135377890900000E+00   1.059559309700000E+01   1.058881870000000E+01   3.788292812400000E-01   3.664976974500000E+01
   3.135084516700000E+00   1.059706335200000E+01   1.059029532700000E+01   3.786774031200000E-01   3.666090441500000E+01
   3.134793798200000E+00   1.059853545500000E+01   1.059177378500000E+01   3.785259352800000E-01   3.667198725300000E+01
   3.134505730800000E+00   1.060000943000000E+01   1.059325409700000E+01   3.783748755100000E-01   3.668301833500000E+01
   3.134220312500000E+00   1.060148530200000E+01   1.059473629000000E+01   3.782242214700000E-01   3.669399772900000E+01
   3.133937558000000E+00   1.060296309500000E+01   1.059622038500000E+01   3.780739709500000E-01   3.670492540800000E+01
   3.133657448300000E+00   1.060444283100000E+01   1.059770640800000E+01   3.779241218200000E-01   3.671580151700000E+01
   3.133380007400000E+00   1.060592453700000E+01   1.059919438300000E+01   3.777746717900000E-01   3.672662598400000E+01
   3.133105217700000E+00   1.060740823600000E+01   1.060068433600000E+01   3.776256186700000E-01   3.673739894800000E+01
   3.132833094700000E+00   1.060889395300000E+01   1.060217628900000E+01   3.774769604100000E-01   3.674812036800000E+01
   3.132563636900000E+00   1.061038171300000E+01   1.060367026800000E+01   3.773286947400000E-01   3.675879030200000E+01
   3.132296846800000E+00   1.061187154100000E+01   1.060516629900000E+01   3.771808196200000E-01   3.676940877400000E+01
   3.132032730000000E+00   1.061336346000000E+01   1.060666440500000E+01   3.770333329300000E-01   3.677997579800000E+01
   3.131771284300000E+00   1.061485749800000E+01   1.060816461300000E+01   3.768862325800000E-01   3.679049142200000E+01
   3.131512516400000E+00   1.061635367800000E+01   1.060966694800000E+01   3.767395165100000E-01   3.680095565100000E+01
   3.131256426400000E+00   1.061785202600000E+01   1.061117143500000E+01   3.765931826400000E-01   3.681136851900000E+01
   3.131003019500000E+00   1.061935256800000E+01   1.061267809900000E+01   3.764472289400000E-01   3.682173003600000E+01
   3.130752295800000E+00   1.062085532800000E+01   1.061418696700000E+01   3.763016534700000E-01   3.683204022700000E+01
   3.130504265200000E+00   1.062236033400000E+01   1.061569806400000E+01   3.761564541600000E-01   3.684229907700000E+01
   3.130258933100000E+00   1.062386761000000E+01   1.061721141600000E+01   3.760116289900000E-01   3.685250658900000E+01
   3.130016292100000E+00   1.062537718300000E+01   1.061872704900000E+01   3.758671761300000E-01   3.686266282300000E+01
   3.129776359600000E+00   1.062688907900000E+01   1.062024499100000E+01   3.757230935100000E-01   3.687276772100000E+01
   3.129539122200000E+00   1.062840332500000E+01   1.062176526600000E+01   3.755793792200000E-01   3.688282137800000E+01
   3.129304592300000E+00   1.062991994700000E+01   1.062328790200000E+01   3.754360314000000E-01   3.689282374600000E+01
   3.129072780400000E+00   1.063143897100000E+01   1.062481292700000E+01   3.752930480500000E-01   3.690277480100000E+01
   3.128843686200000E+00   1.063296042500000E+01   1.062634036500000E+01   3.751504274100000E-01   3.691267455700000E+01
   3.128617314300000E+00   1.063448433400000E+01   1.062787024400000E+01   3.750081675700000E-01   3.692252301000000E+01
   3.128393663300000E+00   1.063601072800000E+01   1.062940259300000E+01   3.748662665700000E-01   3.693232019300000E+01
   3.128172747700000E+00   1.063753963300000E+01   1.063093743800000E+01   3.747247227100000E-01   3.694206603500000E+01
   3.127954567900000E+00   1.063907107500000E+01   1.063247480700000E+01   3.745835341200000E-01   3.695176055300000E+01
   3.127739131000000E+00   1.064060508400000E+01   1.063401472800000E+01   3.744426990000000E-01   3.696140372100000E+01
   3.127526437100000E+00   1.064214168800000E+01   1.063555722800000E+01   3.743022155000000E-01   3.697099555400000E+01
   3.127316492700000E+00   1.064368091300000E+01   1.063710233600000E+01   3.741620818900000E-01   3.698053602300000E+01
   3.127109303700000E+00   1.064522278900000E+01   1.063865008100000E+01   3.740222964000000E-01   3.699002510800000E+01
   3.126904881100000E+00   1.064676734300000E+01   1.064020049000000E+01   3.738828573200000E-01   3.699946275300000E+01
   3.126703226000000E+00   1.064831460500000E+01   1.064175359300000E+01   3.737437628500000E-01   3.700884896300000E+01
   3.126504341200000E+00   1.064986460300000E+01   1.064330941800000E+01   3.736050112900000E-01   3.701818372300000E+01
   3.126308245000000E+00   1.065141736700000E+01   1.064486799500000E+01   3.734666009100000E-01   3.702746694200000E+01
   3.126114920000000E+00   1.065297292500000E+01   1.064642935200000E+01   3.733285300600000E-01   3.703669870800000E+01
   3.125924394700000E+00   1.065453130700000E+01   1.064799352000000E+01   3.731907970300000E-01   3.704587887300000E+01
   3.125736670500000E+00   1.065609254300000E+01   1.064956052900000E+01   3.730534001800000E-01   3.705500742500000E+01
   3.125551742600000E+00   1.065765666300000E+01   1.065113040700000E+01   3.729163378300000E-01   3.706408438500000E+01
   3.125369629500000E+00   1.065922369700000E+01   1.065270318600000E+01   3.727796083200000E-01   3.707310965300000E+01
   3.125190330500000E+00   1.066079367400000E+01   1.065427889600000E+01   3.726432100900000E-01   3.708208321900000E+01
   3.125013854200000E+00   1.066236662600000E+01   1.065585756700000E+01   3.725071414700000E-01   3.709100503400000E+01
   3.124840216300000E+00   1.066394258400000E+01   1.065743923100000E+01   3.723714008600000E-01   3.709987500300000E+01
   3.124669417800000E+00   1.066552157800000E+01   1.065902391800000E+01   3.722359867000000E-01   3.710869310800000E+01
   3.124501460100000E+00   1.066710363900000E+01   1.066061166100000E+01   3.721008973700000E-01   3.711745932900000E+01
   3.124336358200000E+00   1.066868880100000E+01   1.066220248900000E+01   3.719661313200000E-01   3.712617357100000E+01
   3.124174119800000E+00   1.067027709300000E+01   1.066379643600000E+01   3.718316870500000E-01   3.713483577400000E+01
   3.124014745400000E+00   1.067186854800000E+01   1.066539353400000E+01   3.716975629100000E-01   3.714344592200000E+01
   3.123858241800000E+00   1.067346319900000E+01   1.066699381400000E+01   3.715637574800000E-01   3.715200395400000E+01
   3.123704635100000E+00   1.067506107700000E+01   1.066859731000000E+01   3.714302692100000E-01   3.716050971200000E+01
   3.123553916400000E+00   1.067666221700000E+01   1.067020405400000E+01   3.712970965500000E-01   3.716896322200000E+01
   3.123406096000000E+00   1.067826665000000E+01   1.067181408000000E+01   3.711642380600000E-01   3.717736439900000E+01
   3.123261189500000E+00   1.067987441000000E+01   1.067342742000000E+01   3.710316922400000E-01   3.718571313900000E+01
   3.123119203200000E+00   1.068148553100000E+01   1.067504410900000E+01   3.708994576000000E-01   3.719400937900000E+01
   3.122980139500000E+00   1.068310004700000E+01   1.067666418100000E+01   3.707675327000000E-01   3.720225307500000E+01
   3.122844014800000E+00   1.068471799100000E+01   1.067828767000000E+01   3.706359161300000E-01   3.721044410700000E+01
   3.122710836700000E+00   1.068633939900000E+01   1.067991461000000E+01   3.705046063800000E-01   3.721858240600000E+01
   3.122580609100000E+00   1.068796430400000E+01   1.068154503600000E+01   3.703736021100000E-01   3.722666791000000E+01
   3.122453350400000E+00   1.068959274400000E+01   1.068317898500000E+01   3.702429017800000E-01   3.723470049300000E+01
   3.122329062000000E+00   1.069122475200000E+01   1.068481649000000E+01   3.701125041100000E-01   3.724268010100000E+01
   3.122207757200000E+00   1.069286036400000E+01   1.068645758800000E+01   3.699824076200000E-01   3.725060663000000E+01
   3.122089445500000E+00   1.069449961600000E+01   1.068810231500000E+01   3.698526110200000E-01   3.725847998000000E+01
   3.121974144500000E+00   1.069614254600000E+01   1.068975070700000E+01   3.697231128300000E-01   3.726630002300000E+01
   3.121861848900000E+00   1.069778918900000E+01   1.069140280100000E+01   3.695939117800000E-01   3.727406673300000E+01
   3.121752577000000E+00   1.069943958200000E+01   1.069305863600000E+01   3.694650064400000E-01   3.728177997300000E+01
   3.121646348500000E+00   1.070109376300000E+01   1.069471824600000E+01   3.693363955200000E-01   3.728943958500000E+01
   3.121543163600000E+00   1.070275177000000E+01   1.069638167100000E+01   3.692080776500000E-01   3.729704552100000E+01
   3.121443036200000E+00   1.070441364100000E+01   1.069804894900000E+01   3.690800515800000E-01   3.730459764900000E+01
   3.121345978200000E+00   1.070607941300000E+01   1.069972011800000E+01   3.689523159000000E-01   3.731209585700000E+01
   3.121251994600000E+00   1.070774912600000E+01   1.070139521600000E+01   3.688248694100000E-01   3.731954005700000E+01
   3.121161104400000E+00   1.070942282000000E+01   1.070307428400000E+01   3.686977107200000E-01   3.732693009500000E+01
   3.121073320600000E+00   1.071110053300000E+01   1.070475736100000E+01   3.685708386100000E-01   3.733426583900000E+01
   3.120988652700000E+00   1.071278230500000E+01   1.070644448700000E+01   3.684442517900000E-01   3.734154717800000E+01
   3.120907113000000E+00   1.071446817700000E+01   1.070813570200000E+01   3.683179489900000E-01   3.734877398300000E+01
   3.120828712200000E+00   1.071615818900000E+01   1.070983104600000E+01   3.681919290100000E-01   3.735594612700000E+01
   3.120753457500000E+00   1.071785238300000E+01   1.071153056200000E+01   3.680661905100000E-01   3.736306351100000E+01
   3.120681380400000E+00   1.071955080000000E+01   1.071323429100000E+01   3.679407323200000E-01   3.737012589500000E+01
   3.120612473300000E+00   1.072125348200000E+01   1.071494227400000E+01   3.678155531700000E-01   3.737713324800000E+01
   3.120546758400000E+00   1.072296047100000E+01   1.071665455500000E+01   3.676906518800000E-01   3.738408537900000E+01
   3.120484253500000E+00   1.072467180900000E+01   1.071837117500000E+01   3.675660272600000E-01   3.739098211600000E+01
   3.120424957000000E+00   1.072638754200000E+01   1.072009217800000E+01   3.674416780500000E-01   3.739782339200000E+01
   3.120368905800000E+00   1.072810771100000E+01   1.072181760800000E+01   3.673176031200000E-01   3.740460892900000E+01
   3.120316087700000E+00   1.072983236100000E+01   1.072354751000000E+01   3.671938012500000E-01   3.741133871200000E+01
   3.120266540700000E+00   1.073156153600000E+01   1.072528192700000E+01   3.670702712900000E-01   3.741801245600000E+01
   3.120220266200000E+00   1.073329528200000E+01   1.072702090500000E+01   3.669470120300000E-01   3.742463006700000E+01
   3.120177278000000E+00   1.073503364400000E+01   1.072876449000000E+01   3.668240223500000E-01   3.743119138300000E+01
   3.120137593800000E+00   1.073677666800000E+01   1.073051272700000E+01   3.667013010900000E-01   3.743769622100000E+01
   3.120101233300000E+00   1.073852440100000E+01   1.073226566300000E+01   3.665788470900000E-01   3.744414438400000E+01
   3.120068213200000E+00   1.074027688900000E+01   1.073402334500000E+01   3.664566593000000E-01   3.745053568700000E+01
   3.120038535200000E+00   1.074203417900000E+01   1.073578582000000E+01   3.663347365400000E-01   3.745687002400000E+01
   3.120012226400000E+00   1.074379632100000E+01   1.073755313700000E+01   3.662130776900000E-01   3.746314715400000E+01
   3.119989307300000E+00   1.074556336200000E+01   1.073932534400000E+01   3.660916816400000E-01   3.746936686700000E+01
   3.119969780500000E+00   1.074733535100000E+01   1.074110249100000E+01   3.659705473400000E-01   3.747552904300000E+01
   3.119953672400000E+00   1.074911233900000E+01   1.074288462600000E+01   3.658496736500000E-01   3.748163343800000E+01
   3.119940996100000E+00   1.075089437500000E+01   1.074467180100000E+01   3.657290594800000E-01   3.748767987500000E+01
   3.119931766400000E+00   1.075268151000000E+01   1.074646406600000E+01   3.656087037800000E-01   3.749366816300000E+01
   3.119926010100000E+00   1.075447379400000E+01   1.074826147200000E+01   3.654886054900000E-01   3.749959804700000E+01
   3.119923732700000E+00   1.075627128100000E+01   1.075006407100000E+01   3.653687635500000E-01   3.750546938100000E+01
   3.119923717900000E+00   1.075633835700000E+01   1.075013133700000E+01   3.653643031600000E-01   3.750568700100000E+01
   3.119925077300000E+00   1.075814129500000E+01   1.075193937900000E+01   3.652447259900000E-01   3.751149733100000E+01
   3.119929963700000E+00   1.075994954200000E+01   1.075375272100000E+01   3.651254030600000E-01   3.751724861300000E+01
   3.119938378800000E+00   1.076176315300000E+01   1.075557141800000E+01   3.650063332700000E-01   3.752294071700000E+01
   3.119950366500000E+00   1.076358218000000E+01   1.075739552400000E+01   3.648875156600000E-01   3.752857328300000E+01
   3.119965926600000E+00   1.076540668100000E+01   1.075922509400000E+01   3.647689491600000E-01   3.753414618300000E+01
   3.119985079000000E+00   1.076723671000000E+01   1.076106018400000E+01   3.646506327400000E-01   3.753965918300000E+01
   3.120007853600000E+00   1.076907232300000E+01   1.076290085000000E+01   3.645325654400000E-01   3.754511199000000E+01
   3.120034267200000E+00   1.077091357600000E+01   1.076474714800000E+01   3.644147462800000E-01   3.755050437600000E+01
   3.120064338000000E+00   1.077276052900000E+01   1.076659913700000E+01   3.642971742100000E-01   3.755583610800000E+01
   3.120098080500000E+00   1.077461323900000E+01   1.076845687600000E+01   3.641798482800000E-01   3.756110696700000E+01
   3.120135530100000E+00   1.077647176400000E+01   1.077032042100000E+01   3.640627675300000E-01   3.756631661800000E+01
   3.120176693900000E+00   1.077833616600000E+01   1.077218983600000E+01   3.639459309300000E-01   3.757146488100000E+01
   3.120221595400000E+00   1.078020650300000E+01   1.077406517800000E+01   3.638293375700000E-01   3.757655147600000E+01
   3.120270269000000E+00   1.078208283800000E+01   1.077594651000000E+01   3.637129864600000E-01   3.758157607200000E+01
   3.120322720900000E+00   1.078396523300000E+01   1.077783389400000E+01   3.635968766900000E-01   3.758653847600000E+01
   3.120378986000000E+00   1.078585374900000E+01   1.077972739200000E+01   3.634810072800000E-01   3.759143834600000E+01
   3.120439079000000E+00   1.078774845100000E+01   1.078162706800000E+01   3.633653773300000E-01   3.759627543900000E+01
   3.120503024300000E+00   1.078964940300000E+01   1.078353298700000E+01   3.632499858700000E-01   3.760104946500000E+01
   3.120570848000000E+00   1.079155666900000E+01   1.078544521300000E+01   3.631348320500000E-01   3.760576011200000E+01
   3.120642572000000E+00   1.079347031700000E+01   1.078736381300000E+01   3.630199148500000E-01   3.761040709800000E+01
   3.120718223400000E+00   1.079539041300000E+01   1.078928885300000E+01   3.629052334600000E-01   3.761499009800000E+01
   3.120797826900000E+00   1.079731702400000E+01   1.079122040100000E+01   3.627907869200000E-01   3.761950880800000E+01
   3.120881389800000E+00   1.079925021800000E+01   1.079315852700000E+01   3.626765743600000E-01   3.762396300600000E+01
   3.120968971800000E+00   1.080119006600000E+01   1.079510329800000E+01   3.625625949300000E-01   3.762835218900000E+01
   3.121060571300000E+00   1.080313663800000E+01   1.079705478600000E+01   3.624488476700000E-01   3.763267618000000E+01
   3.121156224000000E+00   1.080509000400000E+01   1.079901306200000E+01   3.623353317400000E-01   3.763693459600000E+01
   3.121255954000000E+00   1.080705023800000E+01   1.080097819900000E+01   3.622220462700000E-01   3.764112711700000E+01
   3.121359789700000E+00   1.080901741200000E+01   1.080295026800000E+01   3.621089904300000E-01   3.764525338800000E+01
   3.121467761800000E+00   1.081099160100000E+01   1.080492934600000E+01   3.619961633100000E-01   3.764931305000000E+01
   3.121579885200000E+00   1.081297287900000E+01   1.080691550700000E+01   3.618835641200000E-01   3.765330581400000E+01
   3.121696205100000E+00   1.081496132400000E+01   1.080890882700000E+01   3.617711919700000E-01   3.765723123200000E+01
   3.121816746800000E+00   1.081695701100000E+01   1.081090938400000E+01   3.616590460400000E-01   3.766108895500000E+01
   3.121941529500000E+00   1.081896001900000E+01   1.081291725600000E+01   3.615471255100000E-01   3.766487866500000E+01
   3.122070587400000E+00   1.082097042800000E+01   1.081493252100000E+01   3.614354295600000E-01   3.766859995700000E+01
   3.122203952500000E+00   1.082298831900000E+01   1.081695526300000E+01   3.613239573300000E-01   3.767225243900000E+01
   3.122341655600000E+00   1.082501377200000E+01   1.081898556000000E+01   3.612127080800000E-01   3.767583571400000E+01
   3.122483720100000E+00   1.082704687100000E+01   1.082102349700000E+01   3.611016809300000E-01   3.767934942700000E+01
   3.122630189200000E+00   1.082908769900000E+01   1.082306915700000E+01   3.609908751500000E-01   3.768279311000000E+01
   3.122781084800000E+00   1.083113634200000E+01   1.082512262600000E+01   3.608802898900000E-01   3.768616640600000E+01
   3.122936453900000E+00   1.083319288500000E+01   1.082718399000000E+01   3.607699244100000E-01   3.768946881800000E+01
   3.123096304700000E+00   1.083525741700000E+01   1.082925333600000E+01   3.606597779200000E-01   3.769270005100000E+01
   3.123260694200000E+00   1.083733002600000E+01   1.083133075400000E+01   3.605498496000000E-01   3.769585954800000E+01
   3.123429643500000E+00   1.083941080200000E+01   1.083341633200000E+01   3.604401387600000E-01   3.769894693600000E+01
   3.123603197800000E+00   1.084149983700000E+01   1.083551016500000E+01   3.603306445800000E-01   3.770196171200000E+01
   3.123781383800000E+00   1.084359722300000E+01   1.083761234300000E+01   3.602213663300000E-01   3.770490346400000E+01
   3.123964229200000E+00   1.084570305500000E+01   1.083972296100000E+01   3.601123032400000E-01   3.770777177000000E+01
   3.124151788600000E+00   1.084781742800000E+01   1.084184211500000E+01   3.600034546000000E-01   3.771056606300000E+01
   3.124344089100000E+00   1.084994043900000E+01   1.084396990300000E+01   3.598948196300000E-01   3.771328591300000E+01
   3.124541165400000E+00   1.085207218700000E+01   1.084610642100000E+01   3.597863976500000E-01   3.771593084700000E+01
   3.124743062200000E+00   1.085421277000000E+01   1.084825177000000E+01   3.596781879100000E-01   3.771850033400000E+01
   3.124949814000000E+00   1.085636229300000E+01   1.085040605300000E+01   3.595701896600000E-01   3.772099389100000E+01
   3.125161460300000E+00   1.085852085500000E+01   1.085256937100000E+01   3.594624022200000E-01   3.772341100400000E+01
   3.125378036200000E+00   1.086068856400000E+01   1.085474183000000E+01   3.593548248900000E-01   3.772575117200000E+01
   3.125599593500000E+00   1.086286552300000E+01   1.085692353500000E+01   3.592474569600000E-01   3.772801380800000E+01
   3.125826169100000E+00   1.086505184300000E+01   1.085911459500000E+01   3.591402977200000E-01   3.773019839300000E+01
   3.126057800500000E+00   1.086724763100000E+01   1.086131512000000E+01   3.590333465100000E-01   3.773230439900000E+01
   3.126294534700000E+00   1.086945300000000E+01   1.086352522000000E+01   3.589266026000000E-01   3.773433124500000E+01
   3.126536408700000E+00   1.087166806200000E+01   1.086574501000000E+01   3.588200653600000E-01   3.773627839200000E+01
   3.126783476300000E+00   1.087389293200000E+01   1.086797460200000E+01   3.587137341000000E-01   3.773814521100000E+01
   3.127035774500000E+00   1.087612772700000E+01   1.087021411500000E+01   3.586076081700000E-01   3.773993115200000E+01
   3.127293359100000E+00   1.087837256500000E+01   1.087246366800000E+01   3.585016868800000E-01   3.774163556100000E+01
   3.127556259200000E+00   1.088062756700000E+01   1.087472337900000E+01   3.583959696100000E-01   3.774325791500000E+01
   3.127824537100000E+00   1.088289285500000E+01   1.087699337300000E+01   3.582904556700000E-01   3.774479751700000E+01
   3.128098231200000E+00   1.088516855400000E+01   1.087927377400000E+01   3.581851444600000E-01   3.774625378000000E+01
   3.128377392000000E+00   1.088745479000000E+01   1.088156470800000E+01   3.580800353300000E-01   3.774762605200000E+01
   3.128662071700000E+00   1.088975169200000E+01   1.088386630400000E+01   3.579751276700000E-01   3.774891366100000E+01
   3.128952325300000E+00   1.089205939000000E+01   1.088617869200000E+01   3.578704208300000E-01   3.775011591800000E+01
   3.129248188100000E+00   1.089437801800000E+01   1.088850200700000E+01   3.577659141800000E-01   3.775123222600000E+01
   3.129549730700000E+00   1.089670771100000E+01   1.089083638200000E+01   3.576616071400000E-01   3.775226179800000E+01
   3.129856999200000E+00   1.089904860500000E+01   1.089318195600000E+01   3.575574991200000E-01   3.775320396300000E+01
   3.130170043500000E+00   1.090140084100000E+01   1.089553886800000E+01   3.574535895000000E-01   3.775405802800000E+01
   3.130488921400000E+00   1.090376456200000E+01   1.089790726200000E+01   3.573498776700000E-01   3.775482324600000E+01
   3.130813690000000E+00   1.090613991200000E+01   1.090028728100000E+01   3.572463630800000E-01   3.775549886700000E+01
   3.131144400300000E+00   1.090852703800000E+01   1.090267907400000E+01   3.571430451100000E-01   3.775608416600000E+01
   3.131481117500000E+00   1.091092609000000E+01   1.090508278900000E+01   3.570399232100000E-01   3.775657833300000E+01
   3.131823899000000E+00   1.091333722000000E+01   1.090749858000000E+01   3.569369968500000E-01   3.775698058900000E+01
   3.132172802400000E+00   1.091576058500000E+01   1.090992660200000E+01   3.568342653900000E-01   3.775729015000000E+01
   3.132527892000000E+00   1.091819634100000E+01   1.091236701200000E+01   3.567317283300000E-01   3.775750618000000E+01
   3.132889224200000E+00   1.092064464900000E+01   1.091481997200000E+01   3.566293851400000E-01   3.775762788000000E+01
   3.133256862600000E+00   1.092310567300000E+01   1.091728564600000E+01   3.565272352200000E-01   3.775765440400000E+01
   3.133630880800000E+00   1.092557958000000E+01   1.091976420000000E+01   3.564252780800000E-01   3.775758484100000E+01
   3.134011340500000E+00   1.092806654000000E+01   1.092225580400000E+01   3.563235132000000E-01   3.775741833500000E+01
   3.134398296000000E+00   1.093056672500000E+01   1.092476063100000E+01   3.562219400000000E-01   3.775715405500000E+01
   3.134791840400000E+00   1.093308031100000E+01   1.092727885800000E+01   3.561205580300000E-01   3.775679095900000E+01
   3.135192014500000E+00   1.093560747800000E+01   1.092981066300000E+01   3.560193667300000E-01   3.775632826700000E+01
   3.135598908400000E+00   1.093814840800000E+01   1.093235622900000E+01   3.559183656600000E-01   3.775576493000000E+01
   3.136012588600000E+00   1.094070328900000E+01   1.093491574300000E+01   3.558175542700000E-01   3.775510001100000E+01
   3.136433130400000E+00   1.094327230800000E+01   1.093748939500000E+01   3.557169321100000E-01   3.775433251500000E+01
   3.136860607800000E+00   1.094585566000000E+01   1.094007737800000E+01   3.556164986700000E-01   3.775346144300000E+01
   3.137295086700000E+00   1.094845354200000E+01   1.094267988900000E+01   3.555162535100000E-01   3.775248582300000E+01
   3.137736661100000E+00   1.095106615400000E+01   1.094529712900000E+01   3.554161961600000E-01   3.775140452900000E+01
   3.138185404500000E+00   1.095369370100000E+01   1.094792930200000E+01   3.553163261500000E-01   3.775021652400000E+01
   3.138641386700000E+00   1.095633639300000E+01   1.095057662000000E+01   3.552166430200000E-01   3.774892078000000E+01
   3.139104707800000E+00   1.095899444200000E+01   1.095323929200000E+01   3.551171463500000E-01   3.774751609700000E+01
   3.139575436700000E+00   1.096166806600000E+01   1.095591753900000E+01   3.550178356900000E-01   3.774600142300000E+01
   3.140053667300000E+00   1.096435748500000E+01   1.095861158100000E+01   3.549187106200000E-01   3.774437556200000E+01
   3.140539488200000E+00   1.096706292600000E+01   1.096132164300000E+01   3.548197707400000E-01   3.774263733100000E+01
   3.141032982800000E+00   1.096978462000000E+01   1.096404795700000E+01   3.547210156100000E-01   3.774078556000000E+01
   3.141534237300000E+00   1.097252280200000E+01   1.096679075900000E+01   3.546224448400000E-01   3.773881904600000E+01
   3.142043364800000E+00   1.097527771100000E+01   1.096955028800000E+01   3.545240580400000E-01   3.773673643700000E+01
   3.142560436400000E+00   1.097804959400000E+01   1.097232679000000E+01   3.544258548200000E-01   3.773453657500000E+01
   3.143085554300000E+00   1.098083870000000E+01   1.097512051600000E+01   3.543278347800000E-01   3.773221812800000E+01
   3.143618829300000E+00   1.098364528500000E+01   1.097793172000000E+01   3.542299976100000E-01   3.772977970400000E+01
   3.144160349700000E+00   1.098646961000000E+01   1.098076066400000E+01   3.541323429100000E-01   3.772722000600000E+01
   3.144710216000000E+00   1.098931194100000E+01   1.098360761500000E+01   3.540348703300000E-01   3.772453765900000E+01
   3.145268544100000E+00   1.099217255000000E+01   1.098647284500000E+01   3.539375795400000E-01   3.772173118900000E+01
   3.145276427100000E+00   1.099221276300000E+01   1.098651312200000E+01   3.539362176400000E-01   3.772169098100000E+01

