   3.617077850000000E+00   6.103902282400000E-01   3.389077495000000E-01   1.382646272800000E-01   4.884676661800000E-01   2.000000000000000E+00
   3.616918086700000E+00   6.103894255300000E-01   3.389076773100000E-01   1.382604353000000E-01   4.884678997500000E-01   1.999957106000000E+00
   3.616798298200000E+00   6.103888011500000E-01   3.389075928400000E-01   1.382572831900000E-01   4.884680703300000E-01   1.999925218700000E+00
   3.616558724600000E+00   6.103875523700000E-01   3.389074238100000E-01   1.382509790100000E-01   4.884684114400000E-01   1.999861444400000E+00
   3.616079586500000E+00   6.103850551400000E-01   3.389070859300000E-01   1.382383709300000E-01   4.884690936400000E-01   1.999733891400000E+00
   3.615121351500000E+00   6.103800619899999E-01   3.389064109500000E-01   1.382131559200000E-01   4.884704578800000E-01   1.999478768500000E+00
   3.613684096800000E+00   6.103725753500000E-01   3.389054001300000E-01   1.381753360800000E-01   4.884725038400000E-01   1.999096042900000E+00
   3.611528431300000E+00   6.103613520800000E-01   3.389038873100000E-01   1.381186121600000E-01   4.884755718100000E-01   1.998521863400000E+00
   3.608295425300000E+00   6.103445325000000E-01   3.389016261000000E-01   1.380335396800000E-01   4.884801716600000E-01   1.997660387400000E+00
   3.603447023800000E+00   6.103193375500000E-01   3.388982522800000E-01   1.379059610500000E-01   4.884870666600000E-01   1.996367707900000E+00
   3.596176907800000E+00   6.102816224099999E-01   3.388932318800000E-01   1.377146606600000E-01   4.884973984300000E-01   1.994427639300000E+00
   3.588202159700000E+00   6.102403407400000E-01   3.388877782600000E-01   1.375048220800000E-01   4.885087216400000E-01   1.992297166500000E+00
   3.580230998100000E+00   6.101991705499999E-01   3.388823828200000E-01   1.372950809900000E-01   4.885200293600000E-01   1.990165167900000E+00
   3.572263418300000E+00   6.101581117100000E-01   3.388770455600000E-01   1.370854372800000E-01   4.885313215900000E-01   1.988031638000000E+00
   3.564299414900000E+00   6.101171641200001E-01   3.388717664100000E-01   1.368758908200000E-01   4.885425983400000E-01   1.985896571000000E+00
   3.556338985600000E+00   6.100763277300000E-01   3.388665454300000E-01   1.366664416000000E-01   4.885538596500000E-01   1.983759961300000E+00
   3.548382123700000E+00   6.100356021900000E-01   3.388613822900000E-01   1.364570893900000E-01   4.885651054800000E-01   1.981621805200000E+00
   3.540428827400000E+00   6.099949876000000E-01   3.388562772000000E-01   1.362478342100000E-01   4.885763358700000E-01   1.979482095900000E+00
   3.532479091200000E+00   6.099544837600001E-01   3.388512300200000E-01   1.360386759200000E-01   4.885875508300000E-01   1.977340828300000E+00
   3.524532909500000E+00   6.099140904400000E-01   3.388462405700000E-01   1.358296143400000E-01   4.885987503400000E-01   1.975197997900000E+00
   3.516590281100000E+00   6.098738076100000E-01   3.388413088900000E-01   1.356206494900000E-01   4.886099344300000E-01   1.973053599100000E+00
   3.508651198600000E+00   6.098336351200000E-01   3.388364349300000E-01   1.354117811800000E-01   4.886211031000000E-01   1.970907625800000E+00
   3.500715657900000E+00   6.097935728900000E-01   3.388316186900000E-01   1.352030093500000E-01   4.886322563800000E-01   1.968760072100000E+00
   3.492783656700000E+00   6.097536206900001E-01   3.388268599400000E-01   1.349943338900000E-01   4.886433942500000E-01   1.966610934600000E+00
   3.484855188500000E+00   6.097137785000000E-01   3.388221588100000E-01   1.347857546900000E-01   4.886545167300000E-01   1.964460205600000E+00
   3.476930250400000E+00   6.096740459500000E-01   3.388175148900000E-01   1.345772715900000E-01   4.886656238000000E-01   1.962307883200000E+00
   3.469008837400000E+00   6.096344232699999E-01   3.388129285900000E-01   1.343688846200000E-01   4.886767155300000E-01   1.960153957500000E+00
   3.461090947200000E+00   6.095949100800000E-01   3.388083995300000E-01   1.341605936300000E-01   4.886877918700000E-01   1.957998426500000E+00
   3.453176572200000E+00   6.095555063900000E-01   3.388039278400000E-01   1.339523984800000E-01   4.886988528700000E-01   1.955841282100000E+00
   3.445265710700000E+00   6.095162119700001E-01   3.387995133000000E-01   1.337442990900000E-01   4.887098985100000E-01   1.953682520800000E+00
   3.437358356800000E+00   6.094770267000000E-01   3.387951558900000E-01   1.335362953500000E-01   4.887209288000000E-01   1.951522136500000E+00
   3.429454506500000E+00   6.094379505300000E-01   3.387908556400000E-01   1.333283871600000E-01   4.887319437700000E-01   1.949360122800000E+00
   3.421554156900000E+00   6.093989832400000E-01   3.387866123500000E-01   1.331205744400000E-01   4.887429434100000E-01   1.947196475600000E+00
   3.413657301200000E+00   6.093601247300000E-01   3.387824260200000E-01   1.329128570400000E-01   4.887539277200000E-01   1.945031188500000E+00
   3.405763938500000E+00   6.093213748800000E-01   3.387782965800000E-01   1.327052349300000E-01   4.887648967300000E-01   1.942864256500000E+00
   3.397874060800000E+00   6.092827335300000E-01   3.387742239500000E-01   1.324977079100000E-01   4.887758504300000E-01   1.940695673400000E+00
   3.389987666400000E+00   6.092442005599999E-01   3.387702080500000E-01   1.322902759500000E-01   4.887867888300000E-01   1.938525434400000E+00
   3.382104750400000E+00   6.092057759100000E-01   3.387662489400000E-01   1.320829389600000E-01   4.887977119600000E-01   1.936353532600000E+00
   3.374225309200000E+00   6.091674594499999E-01   3.387623465200000E-01   1.318756968500000E-01   4.888086198200000E-01   1.934179962800000E+00
   3.366349337200000E+00   6.091292509300000E-01   3.387585005900000E-01   1.316685494400000E-01   4.888195124000000E-01   1.932004720300000E+00
   3.358476831500000E+00   6.090911503400001E-01   3.387547112400000E-01   1.314614967100000E-01   4.888303897200000E-01   1.929827798300000E+00
   3.350607786400000E+00   6.090531575000000E-01   3.387509783400000E-01   1.312545385000000E-01   4.888412518000000E-01   1.927649191500000E+00
   3.342742198300000E+00   6.090152722900000E-01   3.387473018300000E-01   1.310476747300000E-01   4.888520986300000E-01   1.925468894100000E+00
   3.334880064000000E+00   6.089774945000000E-01   3.387436815400000E-01   1.308409052900000E-01   4.888629302100000E-01   1.923286901800000E+00
   3.327021378000000E+00   6.089398241100000E-01   3.387401175400000E-01   1.306342300900000E-01   4.888737465700000E-01   1.921103207200000E+00
   3.319166136400000E+00   6.089022609700000E-01   3.387366097500000E-01   1.304276490300000E-01   4.888845477100000E-01   1.918917804700000E+00
   3.311314335500000E+00   6.088648049399999E-01   3.387331581100000E-01   1.302211620200000E-01   4.888953336500000E-01   1.916730688800000E+00
   3.303465971700000E+00   6.088274559600000E-01   3.387297625900000E-01   1.300147689900000E-01   4.889061043900000E-01   1.914541853500000E+00
   3.295621038500000E+00   6.087902136800000E-01   3.387264228800000E-01   1.298084697200000E-01   4.889168599100000E-01   1.912351294500000E+00
   3.287779534200000E+00   6.087530781900000E-01   3.387231391800000E-01   1.296022642200000E-01   4.889276002600000E-01   1.910159004300000E+00
   3.279941453400000E+00   6.087160493000000E-01   3.387199113700000E-01   1.293961523700000E-01   4.889383254300000E-01   1.907964977400000E+00
   3.272106791700000E+00   6.086791268300000E-01   3.387167392800000E-01   1.291901340200000E-01   4.889490354200000E-01   1.905769208500000E+00
   3.264275545200000E+00   6.086423107100000E-01   3.387136229500000E-01   1.289842091100000E-01   4.889597302600000E-01   1.903571691000000E+00
   3.256447711600000E+00   6.086056008500000E-01   3.387105623400000E-01   1.287783776000000E-01   4.889704099500000E-01   1.901372419400000E+00
   3.248623283400000E+00   6.085689969700000E-01   3.387075572100000E-01   1.285726392500000E-01   4.889810744800000E-01   1.899171388400000E+00
   3.240802259500000E+00   6.085324991000000E-01   3.387046076700000E-01   1.283669940800000E-01   4.889917238900000E-01   1.896968591100000E+00
   3.232984634700000E+00   6.084961070800000E-01   3.387017136500000E-01   1.281614419800000E-01   4.890023581700000E-01   1.894764021500000E+00
   3.225170402900000E+00   6.084598207000000E-01   3.386988749400000E-01   1.279559827400000E-01   4.890129773300000E-01   1.892557674200000E+00
   3.217359564000000E+00   6.084236399300000E-01   3.386960916300000E-01   1.277506164300000E-01   4.890235813800000E-01   1.890349543200000E+00
   3.209552109800000E+00   6.083875645100000E-01   3.386933634600000E-01   1.275453427600000E-01   4.890341703100000E-01   1.888139622900000E+00
   3.201748039900000E+00   6.083515944000000E-01   3.386906904800000E-01   1.273401617900000E-01   4.890447441600000E-01   1.885927907300000E+00
   3.193947347600000E+00   6.083157294300000E-01   3.386880725700000E-01   1.271350733200000E-01   4.890553029000000E-01   1.883714390000000E+00
   3.186150029800000E+00   6.082799696100000E-01   3.386855098600000E-01   1.269300773300000E-01   4.890658465900000E-01   1.881499063800000E+00
   3.178356083000000E+00   6.082443145999999E-01   3.386830019800000E-01   1.267251736700000E-01   4.890763751900000E-01   1.879281925100000E+00
   3.170565501400000E+00   6.082087645000001E-01   3.386805491800000E-01   1.265203622700000E-01   4.890868887600000E-01   1.877062964700000E+00
   3.162778283200000E+00   6.081733189700000E-01   3.386781510900000E-01   1.263156430100000E-01   4.890973872500000E-01   1.874842179700000E+00
   3.154994422500000E+00   6.081379779500000E-01   3.386758077600000E-01   1.261110157700000E-01   4.891078706900000E-01   1.872619562600000E+00
   3.147213916500000E+00   6.081027413500000E-01   3.386735191300000E-01   1.259064804900000E-01   4.891183391000000E-01   1.870395107300000E+00
   3.139436760900000E+00   6.080676090500000E-01   3.386712851900000E-01   1.257020370800000E-01   4.891287924900000E-01   1.868168807100000E+00
   3.131662951700000E+00   6.080325808900000E-01   3.386691057900000E-01   1.254976854300000E-01   4.891392308500000E-01   1.865940656600000E+00
   3.123892483900000E+00   6.079976566700001E-01   3.386669807900000E-01   1.252934253800000E-01   4.891496541900000E-01   1.863710649900000E+00
   3.116125355700000E+00   6.079628363700000E-01   3.386649102400000E-01   1.250892569300000E-01   4.891600625300000E-01   1.861478780400000E+00
   3.108361559900000E+00   6.079281198699999E-01   3.386628941000000E-01   1.248851799200000E-01   4.891704558900000E-01   1.859245040500000E+00
   3.100601096300000E+00   6.078935069800000E-01   3.386609322100000E-01   1.246811943000000E-01   4.891808342600000E-01   1.857009426100000E+00
   3.092843958200000E+00   6.078589975899999E-01   3.386590245400000E-01   1.244772999300000E-01   4.891911976500000E-01   1.854771929600000E+00
   3.085090142400000E+00   6.078245915000000E-01   3.386571708900000E-01   1.242734966900000E-01   4.892015460500000E-01   1.852532546100000E+00
   3.077339646400000E+00   6.077902887100000E-01   3.386553713700000E-01   1.240697845800000E-01   4.892118795000000E-01   1.850291268100000E+00
   3.069592464400000E+00   6.077560890700000E-01   3.386536259000000E-01   1.238661634400000E-01   4.892221980100000E-01   1.848048088800000E+00
   3.061848591900000E+00   6.077219923800000E-01   3.386519342900000E-01   1.236626331300000E-01   4.892325015700000E-01   1.845803002800000E+00
   3.054108027800000E+00   6.076879985100000E-01   3.386502964800000E-01   1.234591936300000E-01   4.892427901800000E-01   1.843556004300000E+00
   3.046370765800000E+00   6.076541074000000E-01   3.386487124700000E-01   1.232558448000000E-01   4.892530638700000E-01   1.841307085700000E+00
   3.038636803100000E+00   6.076203189000000E-01   3.386471821700000E-01   1.230525865700000E-01   4.892633226400000E-01   1.839056241100000E+00
   3.030906134800000E+00   6.075866328400000E-01   3.386457054800000E-01   1.228494188000000E-01   4.892735664900000E-01   1.836803463900000E+00
   3.023178759700000E+00   6.075530491900000E-01   3.386442823900000E-01   1.226463415000000E-01   4.892837954500000E-01   1.834548747900000E+00
   3.015454670900000E+00   6.075195676300000E-01   3.386429126300000E-01   1.224433544300000E-01   4.892940095000000E-01   1.832292087500000E+00
   3.007733865200000E+00   6.074861882500000E-01   3.386415964100000E-01   1.222404575800000E-01   4.893042086800000E-01   1.830033473900000E+00
   3.000016340100000E+00   6.074529108100000E-01   3.386403334800000E-01   1.220376508500000E-01   4.893143929700000E-01   1.827772902600000E+00
   2.992302089700000E+00   6.074197351400000E-01   3.386391237300000E-01   1.218349340900000E-01   4.893245623900000E-01   1.825510366700000E+00
   2.984591112900000E+00   6.073866612400000E-01   3.386379672500000E-01   1.216323073000000E-01   4.893347169500000E-01   1.823245859000000E+00
   2.976883403600000E+00   6.073536889800000E-01   3.386368639700000E-01   1.214297703400000E-01   4.893448566700000E-01   1.820979372300000E+00
   2.969178959900000E+00   6.073208180400000E-01   3.386358135400000E-01   1.212273230900000E-01   4.893549815300000E-01   1.818710902700000E+00
   2.961477775600000E+00   6.072880484400000E-01   3.386348161100000E-01   1.210249654500000E-01   4.893650915600000E-01   1.816440441300000E+00
   2.953779850500000E+00   6.072553800800000E-01   3.386338716100000E-01   1.208226974200000E-01   4.893751867600000E-01   1.814167982200000E+00
   2.946085177200000E+00   6.072228127600000E-01   3.386329799200000E-01   1.206205188000000E-01   4.893852671500000E-01   1.811893518200000E+00
   2.938393753700000E+00   6.071903463900000E-01   3.386321409600000E-01   1.204184295300000E-01   4.893953327200000E-01   1.809617043100000E+00
   2.930705575800000E+00   6.071579807600000E-01   3.386313545700000E-01   1.202164295000000E-01   4.894053834800000E-01   1.807338550800000E+00
   2.923020640500000E+00   6.071257158200000E-01   3.386306207700000E-01   1.200145186500000E-01   4.894154194500000E-01   1.805058033900000E+00
   2.915338943100000E+00   6.070935515000000E-01   3.386299395900000E-01   1.198126968900000E-01   4.894254406500000E-01   1.802775484600000E+00
   2.907660480000000E+00   6.070614874800000E-01   3.386293106600000E-01   1.196109640500000E-01   4.894354470500000E-01   1.800490898500000E+00
   2.899985249800000E+00   6.070295239100000E-01   3.386287342800000E-01   1.194093202000000E-01   4.894454387100000E-01   1.798204266400000E+00
   2.892313245600000E+00   6.069976604200000E-01   3.386282100700000E-01   1.192077650800000E-01   4.894554155900000E-01   1.795915583000000E+00
   2.884644465900000E+00   6.069658969800000E-01   3.386277380600000E-01   1.190062986800000E-01   4.894653777200000E-01   1.793624841400000E+00
   2.876978906000000E+00   6.069342334800000E-01   3.386273182100000E-01   1.188049209100000E-01   4.894753251200000E-01   1.791332033700000E+00
   2.869316562300000E+00   6.069026696900000E-01   3.386269503100000E-01   1.186036316100000E-01   4.894852577700000E-01   1.789037154700000E+00
   2.861657431600000E+00   6.068712056600000E-01   3.386266345200000E-01   1.184024307900000E-01   4.894951757100000E-01   1.786740195200000E+00
   2.854001510900000E+00   6.068398410300000E-01   3.386263704200000E-01   1.182013182700000E-01   4.895050789000000E-01   1.784441151400000E+00
   2.846348794500000E+00   6.068085759400000E-01   3.386261583500000E-01   1.180002940200000E-01   4.895149674200000E-01   1.782140012400000E+00
   2.838699280800000E+00   6.067774100400000E-01   3.386259978800000E-01   1.177993579000000E-01   4.895248412200000E-01   1.779836774600000E+00
   2.831052966100000E+00   6.067463432900000E-01   3.386258890700000E-01   1.175985098600000E-01   4.895347003300000E-01   1.777531429800000E+00
   2.823409845300000E+00   6.067153755600000E-01   3.386258318400000E-01   1.173977497700000E-01   4.895445447600000E-01   1.775223970500000E+00
   2.815769917700000E+00   6.066845067500000E-01   3.386258261400000E-01   1.171970776200000E-01   4.895543745100000E-01   1.772914390300000E+00
   2.808133176200000E+00   6.066537367100000E-01   3.386258718700000E-01   1.169964932200000E-01   4.895641896000000E-01   1.770602681300000E+00
   2.800499619400000E+00   6.066230652800000E-01   3.386259689000000E-01   1.167959965100000E-01   4.895739900300000E-01   1.768288837400000E+00
   2.792869244900000E+00   6.065924924200000E-01   3.386261172600000E-01   1.165955874900000E-01   4.895837758200000E-01   1.765972850900000E+00
   2.785242047300000E+00   6.065620178800000E-01   3.386263167200000E-01   1.163952659500000E-01   4.895935469600000E-01   1.763654715200000E+00
   2.777618021700000E+00   6.065316416300000E-01   3.386265673400000E-01   1.161950318100000E-01   4.896033034700000E-01   1.761334421700000E+00
   2.769997168600000E+00   6.065013634400001E-01   3.386268688700000E-01   1.159948850500000E-01   4.896130453500000E-01   1.759011965800000E+00
   2.762379482500000E+00   6.064711833600001E-01   3.386272214900000E-01   1.157948255800000E-01   4.896227726300000E-01   1.756687337400000E+00
   2.754764958600000E+00   6.064411010800000E-01   3.386276248800000E-01   1.155948532200000E-01   4.896324852900000E-01   1.754360531000000E+00
   2.747153596300000E+00   6.064111166400000E-01   3.386280791800000E-01   1.153949680300000E-01   4.896421833700000E-01   1.752031538100000E+00
   2.739545389400000E+00   6.063812296600000E-01   3.386285839500000E-01   1.151951697200000E-01   4.896518668300000E-01   1.749700353700000E+00
   2.731940336500000E+00   6.063514403200000E-01   3.386291395400000E-01   1.149954584000000E-01   4.896615357400000E-01   1.747366967400000E+00
   2.724338433800000E+00   6.063217483400000E-01   3.386297456500000E-01   1.147958339100000E-01   4.896711900700000E-01   1.745031373600000E+00
   2.716739676800000E+00   6.062921535000000E-01   3.386304020900000E-01   1.145962960800000E-01   4.896808298300000E-01   1.742693565500000E+00
   2.709144064700000E+00   6.062626558899999E-01   3.386311090600000E-01   1.143968449900000E-01   4.896904550500000E-01   1.740353534000000E+00
   2.701551591500000E+00   6.062332551900000E-01   3.386318662100000E-01   1.141974804100000E-01   4.897000657000000E-01   1.738011273200000E+00
   2.693962254900000E+00   6.062039514300001E-01   3.386326736900000E-01   1.139982023400000E-01   4.897096618400000E-01   1.735666774000000E+00
   2.686376051800000E+00   6.061747443200000E-01   3.386335311900000E-01   1.137990106200000E-01   4.897192434300000E-01   1.733320030900000E+00
   2.678792979100000E+00   6.061456338000000E-01   3.386344387000000E-01   1.135999052100000E-01   4.897288105000000E-01   1.730971035700000E+00
   2.671213032600000E+00   6.061166199400000E-01   3.386353964400000E-01   1.134008860900000E-01   4.897383630900000E-01   1.728619778100000E+00
   2.663636209500000E+00   6.060877023000000E-01   3.386364038600000E-01   1.132019530400000E-01   4.897479011600000E-01   1.726266254700000E+00
   2.656062506800000E+00   6.060588808400000E-01   3.386374610100000E-01   1.130031060300000E-01   4.897574247200000E-01   1.723910456700000E+00
   2.648491920700000E+00   6.060301555399999E-01   3.386385679800000E-01   1.128043450000000E-01   4.897669338100000E-01   1.721552375000000E+00
   2.640924448500000E+00   6.060015262600000E-01   3.386397246400000E-01   1.126056698800000E-01   4.897764284200000E-01   1.719192002300000E+00
   2.633360087600000E+00   6.059729928199999E-01   3.386409308200000E-01   1.124070805600000E-01   4.897859085700000E-01   1.716829332000000E+00
   2.625798833200000E+00   6.059445551600000E-01   3.386421865700000E-01   1.122085769700000E-01   4.897953742700000E-01   1.714464354700000E+00
   2.618240683300000E+00   6.059162130300000E-01   3.386434916100000E-01   1.120101589900000E-01   4.898048255100000E-01   1.712097064700000E+00
   2.610685634200000E+00   6.058879663800000E-01   3.386448459600000E-01   1.118118265600000E-01   4.898142623000000E-01   1.709727453100000E+00
   2.603133683900000E+00   6.058598150300000E-01   3.386462494600000E-01   1.116135796000000E-01   4.898236846600000E-01   1.707355513200000E+00
   2.595584827500000E+00   6.058317590200000E-01   3.386477022500000E-01   1.114154180500000E-01   4.898330926100000E-01   1.704981234600000E+00
   2.588039063300000E+00   6.058037980200000E-01   3.386492039900000E-01   1.112173417900000E-01   4.898424861300000E-01   1.702604612100000E+00
   2.580496386900000E+00   6.057759319900000E-01   3.386507547000000E-01   1.110193507300000E-01   4.898518652500000E-01   1.700225636600000E+00
   2.572956796200000E+00   6.057481608800001E-01   3.386523543800000E-01   1.108214448600000E-01   4.898612299800000E-01   1.697844299600000E+00
   2.565420287900000E+00   6.057204844300000E-01   3.386540027900000E-01   1.106236240200000E-01   4.898705803200000E-01   1.695460594500000E+00
   2.557886859400000E+00   6.056929025900000E-01   3.386556999300000E-01   1.104258881800000E-01   4.898799162700000E-01   1.693074512700000E+00
   2.550356506800000E+00   6.056654151999999E-01   3.386574456900000E-01   1.102282372300000E-01   4.898892378600000E-01   1.690686046100000E+00
   2.542829227800000E+00   6.056380222100000E-01   3.386592400600000E-01   1.100306711300000E-01   4.898985450900000E-01   1.688295186300000E+00
   2.535305019800000E+00   6.056107233600000E-01   3.386610827800000E-01   1.098331897600000E-01   4.899078379500000E-01   1.685901926800000E+00
   2.527783877500000E+00   6.055835186900000E-01   3.386629740100000E-01   1.096357930500000E-01   4.899171164900000E-01   1.683506256700000E+00
   2.520265800600000E+00   6.055564079100000E-01   3.386649134100000E-01   1.094384809300000E-01   4.899263806700000E-01   1.681108170800000E+00
   2.512750785400000E+00   6.055293910300000E-01   3.386669010900000E-01   1.092412533400000E-01   4.899356305400000E-01   1.678707659000000E+00
   2.505238828000000E+00   6.055024678900000E-01   3.386689369300000E-01   1.090441101700000E-01   4.899448661000000E-01   1.676304713200000E+00
   2.497729925600000E+00   6.054756382399999E-01   3.386710206600000E-01   1.088470513100000E-01   4.899540873300000E-01   1.673899326700000E+00
   2.490224077400000E+00   6.054489021300000E-01   3.386731524200000E-01   1.086500767800000E-01   4.899632942700000E-01   1.671491490000000E+00
   2.482721278200000E+00   6.054222593500000E-01   3.386753320300000E-01   1.084531864300000E-01   4.899724869200000E-01   1.669081194800000E+00
   2.475221525700000E+00   6.053957097800000E-01   3.386775594000000E-01   1.082563802000000E-01   4.899816652900000E-01   1.666668432900000E+00
   2.467724817900000E+00   6.053692534000000E-01   3.386798345900000E-01   1.080596580700000E-01   4.899908294000000E-01   1.664253195100000E+00
   2.460231150500000E+00   6.053428899200000E-01   3.386821572900000E-01   1.078630198600000E-01   4.899999792400000E-01   1.661835474500000E+00
   2.452740522400000E+00   6.053166192400000E-01   3.386845274400000E-01   1.076664655500000E-01   4.900091148100000E-01   1.659415262800000E+00
   2.445252929400000E+00   6.052904412500000E-01   3.386869449600000E-01   1.074699950400000E-01   4.900182361300000E-01   1.656992551000000E+00
   2.437768369400000E+00   6.052643559999999E-01   3.386894100300000E-01   1.072736083400000E-01   4.900273432400000E-01   1.654567328700000E+00
   2.430286839500000E+00   6.052383630500000E-01   3.386919221200000E-01   1.070773052400000E-01   4.900364361000000E-01   1.652139591100000E+00
   2.422808336500000E+00   6.052124625900001E-01   3.386944815700000E-01   1.068810857900000E-01   4.900455147600000E-01   1.649709325700000E+00
   2.415332858200000E+00   6.051866542400000E-01   3.386970879200000E-01   1.066849498300000E-01   4.900545791900000E-01   1.647276527200000E+00
   2.407860401700000E+00   6.051609380300000E-01   3.386997413400000E-01   1.064888973300000E-01   4.900636294300000E-01   1.644841184800000E+00
   2.400390965800000E+00   6.051353138600000E-01   3.387024417200000E-01   1.062929282700000E-01   4.900726654800000E-01   1.642403290500000E+00
   2.392924544700000E+00   6.051097815000001E-01   3.387051888800000E-01   1.060970424600000E-01   4.900816873500000E-01   1.639962835300000E+00
   2.385461137800000E+00   6.050843408600000E-01   3.387079827400000E-01   1.059012398900000E-01   4.900906950400000E-01   1.637519811100000E+00
   2.378000743100000E+00   6.050589918100000E-01   3.387108232300000E-01   1.057055205100000E-01   4.900996885700000E-01   1.635074209200000E+00
   2.370543355600000E+00   6.050337342400000E-01   3.387137102600000E-01   1.055098841800000E-01   4.901086679400000E-01   1.632626020000000E+00
   2.363088975100000E+00   6.050085679300000E-01   3.387166436200000E-01   1.053143308700000E-01   4.901176331500000E-01   1.630175236300000E+00
   2.355637597200000E+00   6.049834929900000E-01   3.387196235400000E-01   1.051188605500000E-01   4.901265842400000E-01   1.627721846100000E+00
   2.348189221500000E+00   6.049585090300000E-01   3.387226495400000E-01   1.049234730900000E-01   4.901355211900000E-01   1.625265844300000E+00
   2.340743843300000E+00   6.049336162200000E-01   3.387257219800000E-01   1.047281684900000E-01   4.901444440400000E-01   1.622807217800000E+00
   2.333301460900000E+00   6.049088141800000E-01   3.387288403900000E-01   1.045329466000000E-01   4.901533527800000E-01   1.620345960700000E+00
   2.325862071800000E+00   6.048841028400000E-01   3.387320047600000E-01   1.043378073800000E-01   4.901622474000000E-01   1.617882063400000E+00
   2.318425673000000E+00   6.048594820700000E-01   3.387352149800000E-01   1.041427507300000E-01   4.901711279300000E-01   1.615415516800000E+00
   2.310992263000000E+00   6.048349518200000E-01   3.387384710800000E-01   1.039477766500000E-01   4.901799943800000E-01   1.612946311200000E+00
   2.303561839000000E+00   6.048105120300000E-01   3.387417730500000E-01   1.037528850800000E-01   4.901888467700000E-01   1.610474436700000E+00
   2.296134398400000E+00   6.047861623800000E-01   3.387451205100000E-01   1.035580758700000E-01   4.901976850800000E-01   1.607999886300000E+00
   2.288709938800000E+00   6.047619028700000E-01   3.387485135700000E-01   1.033633490200000E-01   4.902065093400000E-01   1.605522649200000E+00
   2.281288457100000E+00   6.047377333500000E-01   3.387519520800000E-01   1.031687044200000E-01   4.902153195600000E-01   1.603042716400000E+00
   2.273869953400000E+00   6.047136536900000E-01   3.387554359500000E-01   1.029741420600000E-01   4.902241157300000E-01   1.600560079300000E+00
   2.266454422300000E+00   6.046896637800000E-01   3.387589651000000E-01   1.027796618200000E-01   4.902328978800000E-01   1.598074727700000E+00
   2.259041863200000E+00   6.046657636100000E-01   3.387625396100000E-01   1.025852637000000E-01   4.902416660300000E-01   1.595586651100000E+00
   2.251632272900000E+00   6.046419528000000E-01   3.387661590200000E-01   1.023909475400000E-01   4.902504201500000E-01   1.593095843000000E+00
   2.244225650800000E+00   6.046182314100000E-01   3.387698234800000E-01   1.021967133700000E-01   4.902591602700000E-01   1.590602292400000E+00
   2.236821992900000E+00   6.045945992900000E-01   3.387735328800000E-01   1.020025610800000E-01   4.902678864100000E-01   1.588105989400000E+00
   2.229421296800000E+00   6.045710562900000E-01   3.387772870800000E-01   1.018084906000000E-01   4.902765985600000E-01   1.585606924900000E+00
   2.222023561300000E+00   6.045476023300000E-01   3.387810860600000E-01   1.016145019000000E-01   4.902852967500000E-01   1.583105089000000E+00
   2.214628783600000E+00   6.045242371800000E-01   3.387849295700000E-01   1.014205948600000E-01   4.902939809600000E-01   1.580600473100000E+00
   2.207236962600000E+00   6.045009608700000E-01   3.387888177300000E-01   1.012267695100000E-01   4.903026512400000E-01   1.578093066200000E+00
   2.199848094600000E+00   6.044777731300000E-01   3.387927502400000E-01   1.010330256900000E-01   4.903113075500000E-01   1.575582859900000E+00
   2.192462179100000E+00   6.044546739100000E-01   3.387967271000000E-01   1.008393634200000E-01   4.903199499300000E-01   1.573069844100000E+00
   2.185079211200000E+00   6.044316631300000E-01   3.388007483000000E-01   1.006457825700000E-01   4.903285784000000E-01   1.570554007500000E+00
   2.177699190800000E+00   6.044087406000000E-01   3.388048136400000E-01   1.004522831200000E-01   4.903371929400000E-01   1.568035341700000E+00
   2.170322116800000E+00   6.043859062400000E-01   3.388089230700000E-01   1.002588650500000E-01   4.903457935800000E-01   1.565513836800000E+00
   2.162947985800000E+00   6.043631599700000E-01   3.388130765900000E-01   1.000655282700000E-01   4.903543803400000E-01   1.562989481800000E+00
   2.155576796200000E+00   6.043405014700000E-01   3.388172737800000E-01   9.987227266699999E-02   4.903629531800000E-01   1.560462269400000E+00
   2.148208544500000E+00   6.043179309100000E-01   3.388215150300000E-01   9.967909826500000E-02   4.903715121700000E-01   1.557932185400000E+00
   2.140843230700000E+00   6.042954478900000E-01   3.388257997800000E-01   9.948600493699999E-02   4.903800572700000E-01   1.555399223900000E+00
   2.133480851300000E+00   6.042730524800000E-01   3.388301282500000E-01   9.929299267000000E-02   4.903885885300000E-01   1.552863371900000E+00
   2.126121406300000E+00   6.042507444000000E-01   3.388345000900000E-01   9.910006139200001E-02   4.903971059100000E-01   1.550324622000000E+00
   2.118764891500000E+00   6.042285237000000E-01   3.388389154900000E-01   9.890721106300000E-02   4.904056094700000E-01   1.547782960900000E+00
   2.111411306500000E+00   6.042063901800000E-01   3.388433742100000E-01   9.871444162900000E-02   4.904140992000000E-01   1.545238380100000E+00
   2.104060648600000E+00   6.041843437400000E-01   3.388478762100000E-01   9.852175303100000E-02   4.904225751200000E-01   1.542690868600000E+00
   2.096712917200000E+00   6.041623841600000E-01   3.388524212400000E-01   9.832914519800000E-02   4.904310372100000E-01   1.540140417800000E+00
   2.089368108100000E+00   6.041405114000000E-01   3.388570093400000E-01   9.813661806000000E-02   4.904394854900000E-01   1.537587015500000E+00
   2.082026222100000E+00   6.041187253600000E-01   3.388616404200000E-01   9.794417163300000E-02   4.904479199900000E-01   1.535030651900000E+00
   2.074687255900000E+00   6.040970258900000E-01   3.388663143500000E-01   9.775180581300000E-02   4.904563407100000E-01   1.532471316500000E+00
   2.067351207500000E+00   6.040754129200000E-01   3.388710311300000E-01   9.755952056900000E-02   4.904647476600000E-01   1.529908997900000E+00
   2.060018076100000E+00   6.040538862200000E-01   3.388757904900000E-01   9.736731582700001E-02   4.904731408400000E-01   1.527343687300000E+00
   2.052687858900000E+00   6.040324456700000E-01   3.388805923500000E-01   9.717519151300000E-02   4.904815202500000E-01   1.524775373700000E+00
   2.045360556600000E+00   6.040110913000000E-01   3.388854367900000E-01   9.698314768900000E-02   4.904898859300000E-01   1.522204045600000E+00
   2.038036164600000E+00   6.039898228300000E-01   3.388903235500000E-01   9.679118418000000E-02   4.904982378700000E-01   1.519629693000000E+00
   2.030714682400000E+00   6.039686402000000E-01   3.388952525600000E-01   9.659930097900001E-02   4.905065760800000E-01   1.517052304900000E+00
   2.023396108600000E+00   6.039475433000000E-01   3.389002237900000E-01   9.640749805500000E-02   4.905149005800000E-01   1.514471870400000E+00
   2.016080440700000E+00   6.039265320200000E-01   3.389052371300000E-01   9.621577534200000E-02   4.905232113700000E-01   1.511888378400000E+00
   2.008767679200000E+00   6.039056061600000E-01   3.389102923700000E-01   9.602413281000000E-02   4.905315084600000E-01   1.509301819500000E+00
   2.001457819500000E+00   6.038847657999999E-01   3.389153897200000E-01   9.583257041700000E-02   4.905397918800000E-01   1.506712179400000E+00
   1.994150863400000E+00   6.038640105800001E-01   3.389205287300000E-01   9.564108810700001E-02   4.905480616000000E-01   1.504119451100000E+00
   1.986846806700000E+00   6.038433405600000E-01   3.389257095700000E-01   9.544968583900000E-02   4.905563176700000E-01   1.501523620300000E+00
   1.979545648600000E+00   6.038227553800000E-01   3.389309317600000E-01   9.525836348300000E-02   4.905645600600000E-01   1.498924679400000E+00
   1.972247388200000E+00   6.038022552000000E-01   3.389361956700000E-01   9.506712113000000E-02   4.905727888200000E-01   1.496322613800000E+00
   1.964952024300000E+00   6.037818397800000E-01   3.389415009700000E-01   9.487595868699999E-02   4.905810039400000E-01   1.493717413900000E+00
   1.957659555500000E+00   6.037615089400000E-01   3.389468475200000E-01   9.468487609200001E-02   4.905892054200000E-01   1.491109069100000E+00
   1.950369979000000E+00   6.037412626400001E-01   3.389522353200000E-01   9.449387329500000E-02   4.905973932800000E-01   1.488497566900000E+00
   1.943083294300000E+00   6.037211007600000E-01   3.389576642800000E-01   9.430295028100000E-02   4.906055675400000E-01   1.485882895900000E+00
   1.935799500300000E+00   6.037010231200000E-01   3.389631342000000E-01   9.411210698600000E-02   4.906137281900000E-01   1.483265045700000E+00
   1.928518595300000E+00   6.036810297100000E-01   3.389686451600000E-01   9.392134340100000E-02   4.906218752600000E-01   1.480644003400000E+00
   1.921240578400000E+00   6.036611202600000E-01   3.389741968300000E-01   9.373065944000000E-02   4.906300087400000E-01   1.478019759400000E+00
   1.913965448200000E+00   6.036412947000001E-01   3.389797891900000E-01   9.354005507800001E-02   4.906381286400000E-01   1.475392301500000E+00
   1.906693204400000E+00   6.036215530500000E-01   3.389854223600000E-01   9.334953035900000E-02   4.906462350000000E-01   1.472761616600000E+00
   1.899423843400000E+00   6.036018949900001E-01   3.389910959200000E-01   9.315908509800000E-02   4.906543278000000E-01   1.470127694800000E+00
   1.892157366700000E+00   6.035823204800000E-01   3.389968099100000E-01   9.296871936100000E-02   4.906624070500000E-01   1.467490524200000E+00
   1.884893770800000E+00   6.035628295500000E-01   3.390025644400000E-01   9.277843310800001E-02   4.906704727900000E-01   1.464850090600000E+00
   1.877633055600000E+00   6.035434217700000E-01   3.390083589700000E-01   9.258822620899999E-02   4.906785249800000E-01   1.462206385900000E+00
   1.870375220600000E+00   6.035240972900000E-01   3.390141937800000E-01   9.239809875000000E-02   4.906865636800000E-01   1.459559395600000E+00
   1.863120263800000E+00   6.035048558200000E-01   3.390200685400000E-01   9.220805059900000E-02   4.906945888600000E-01   1.456909109100000E+00
   1.855868184800000E+00   6.034856973600000E-01   3.390259833000000E-01   9.201808179199999E-02   4.907026005600000E-01   1.454255513500000E+00
   1.848618982800000E+00   6.034666217200000E-01   3.390319378600000E-01   9.182819226500000E-02   4.907105987700000E-01   1.451598597500000E+00
   1.841372655300000E+00   6.034476287900000E-01   3.390379321700000E-01   9.163838196000000E-02   4.907185835100000E-01   1.448938348200000E+00
   1.834129203100000E+00   6.034287185700000E-01   3.390439662700000E-01   9.144865092899999E-02   4.907265548000000E-01   1.446274752900000E+00
   1.826888624200000E+00   6.034098907900000E-01   3.390500398300000E-01   9.125899905300000E-02   4.907345126200000E-01   1.443607800800000E+00
   1.819650918300000E+00   6.033911453100000E-01   3.390561527600000E-01   9.106942631400000E-02   4.907424570000000E-01   1.440937479900000E+00
   1.812416084000000E+00   6.033724821000001E-01   3.390623050600000E-01   9.087993269899999E-02   4.907503879500000E-01   1.438263776600000E+00
   1.805184120800000E+00   6.033539010800000E-01   3.390684967000000E-01   9.069051820500000E-02   4.907583054800000E-01   1.435586678100000E+00
   1.797955028000000E+00   6.033354019800000E-01   3.390747273600000E-01   9.050118274299999E-02   4.907662095900000E-01   1.432906174000000E+00
   1.790728804800000E+00   6.033169848800000E-01   3.390809972100000E-01   9.031192636300001E-02   4.907741003100000E-01   1.430222249300000E+00
   1.783505449500000E+00   6.032986494900000E-01   3.390873059200000E-01   9.012274895000000E-02   4.907819776200000E-01   1.427534893000000E+00
   1.776284962400000E+00   6.032803957800000E-01   3.390936535200000E-01   8.993365053500001E-02   4.907898415600000E-01   1.424844091800000E+00
   1.769067342900000E+00   6.032622235800000E-01   3.391000398200000E-01   8.974463107400001E-02   4.907976921200000E-01   1.422149833800000E+00
   1.761852589200000E+00   6.032441328900000E-01   3.391064649000000E-01   8.955569056000000E-02   4.908055293300000E-01   1.419452104300000E+00
   1.754640701600000E+00   6.032261233100000E-01   3.391129282400000E-01   8.936682887800000E-02   4.908133531600000E-01   1.416750894100000E+00
   1.747431679300000E+00   6.032081951600000E-01   3.391194304000000E-01   8.917804618400001E-02   4.908211636800000E-01   1.414046185100000E+00
   1.740225521300000E+00   6.031903479200000E-01   3.391259706800000E-01   8.898934227100000E-02   4.908289608400000E-01   1.411337968800000E+00
   1.733022227900000E+00   6.031725816700000E-01   3.391325492500000E-01   8.880071722400000E-02   4.908367446900000E-01   1.408626230400000E+00
   1.725821798200000E+00   6.031548961900000E-01   3.391391658900000E-01   8.861217097000000E-02   4.908445152200000E-01   1.405910957700000E+00
   1.718624230800000E+00   6.031372914499999E-01   3.391458206100000E-01   8.842370349799999E-02   4.908522724500000E-01   1.403192136100000E+00
   1.711429526300000E+00   6.031197673900000E-01   3.391525133900000E-01   8.823531484100000E-02   4.908600163900000E-01   1.400469752300000E+00
   1.704237683900000E+00   6.031023237599999E-01   3.391592439400000E-01   8.804700491400000E-02   4.908677470500000E-01   1.397743794400000E+00
   1.697048703700000E+00   6.030849604500000E-01   3.391660121800000E-01   8.785877371500000E-02   4.908754644300000E-01   1.395014249100000E+00
   1.689862584700000E+00   6.030676774700000E-01   3.391728181900000E-01   8.767062126600000E-02   4.908831685600000E-01   1.392281101100000E+00
   1.682679326200000E+00   6.030504745400000E-01   3.391796616200000E-01   8.748254746900000E-02   4.908908594300000E-01   1.389544338800000E+00
   1.675498928900000E+00   6.030333516200000E-01   3.391865425000000E-01   8.729455236500000E-02   4.908985370600000E-01   1.386803948100000E+00
   1.668321392600000E+00   6.030163086200000E-01   3.391934607400000E-01   8.710663595199999E-02   4.909062014500000E-01   1.384059915300000E+00
   1.661146715900000E+00   6.029993453800000E-01   3.392004162000000E-01   8.691879817100000E-02   4.909138526300000E-01   1.381312226400000E+00
   1.653974898500000E+00   6.029824617900000E-01   3.392074087800000E-01   8.673103900800000E-02   4.909214905900000E-01   1.378560867800000E+00
   1.646805942400000E+00   6.029656577800000E-01   3.392144384500000E-01   8.654335852400000E-02   4.909291153500000E-01   1.375805825800000E+00
   1.639639844900000E+00   6.029489330700000E-01   3.392215048800000E-01   8.635575657199999E-02   4.909367269100000E-01   1.373047087400000E+00
   1.632476607100000E+00   6.029322877900000E-01   3.392286082900000E-01   8.616823327400000E-02   4.909443253000000E-01   1.370284636600000E+00
   1.625316228800000E+00   6.029157216800000E-01   3.392357484000000E-01   8.598078855600000E-02   4.909519105200000E-01   1.367518460500000E+00
   1.618158709800000E+00   6.028992346900000E-01   3.392429252100000E-01   8.579342243700000E-02   4.909594825900000E-01   1.364748544400000E+00
   1.611004050500000E+00   6.028828265600000E-01   3.392501384000000E-01   8.560613485700000E-02   4.909670414900000E-01   1.361974875800000E+00
   1.603852250700000E+00   6.028664973300000E-01   3.392573880800000E-01   8.541892586499999E-02   4.909745872600000E-01   1.359197438800000E+00
   1.596703310100000E+00   6.028502468000000E-01   3.392646740500000E-01   8.523179540900000E-02   4.909821199000000E-01   1.356416219700000E+00
   1.589557229200000E+00   6.028340749000000E-01   3.392719962600000E-01   8.504474351499999E-02   4.909896394200000E-01   1.353631203700000E+00
   1.582414007800000E+00   6.028179814500000E-01   3.392793545100000E-01   8.485777014199999E-02   4.909971458300000E-01   1.350842377100000E+00
   1.575273646600000E+00   6.028019663700001E-01   3.392867487500000E-01   8.467087531000000E-02   4.910046391300000E-01   1.348049725200000E+00
   1.568136145300000E+00   6.027860295600000E-01   3.392941789200000E-01   8.448405901700000E-02   4.910121193500000E-01   1.345253232700000E+00
   1.561001503800000E+00   6.027701709400000E-01   3.393016449600000E-01   8.429732126300001E-02   4.910195865000000E-01   1.342452884600000E+00
   1.553869723000000E+00   6.027543902900000E-01   3.393091466100000E-01   8.411066201300001E-02   4.910270405700000E-01   1.339648667600000E+00
   1.546740803900000E+00   6.027386876200000E-01   3.393166839500000E-01   8.392408134600000E-02   4.910344816000000E-01   1.336840565600000E+00
   1.539614745100000E+00   6.027230626500000E-01   3.393242566500000E-01   8.373757914400000E-02   4.910419095600000E-01   1.334028564700000E+00
   1.532491548000000E+00   6.027075155000000E-01   3.393318649300000E-01   8.355115553100000E-02   4.910493245000000E-01   1.331212648000000E+00
   1.525371212700000E+00   6.026920457400000E-01   3.393395082300000E-01   8.336481036800000E-02   4.910567264000000E-01   1.328392803700000E+00
   1.518253739400000E+00   6.026766535900000E-01   3.393471869700000E-01   8.317854379900000E-02   4.910641153000000E-01   1.325569012600000E+00
   1.511139129000000E+00   6.026613386600000E-01   3.393549005900000E-01   8.299235571600000E-02   4.910714911800000E-01   1.322741263000000E+00
   1.504027382800000E+00   6.026461010200000E-01   3.393626493200000E-01   8.280624622500000E-02   4.910788540700000E-01   1.319909537500000E+00
   1.496918500500000E+00   6.026309404200000E-01   3.393704328000000E-01   8.262021524900000E-02   4.910862039700000E-01   1.317073822300000E+00
   1.489812482000000E+00   6.026158568000000E-01   3.393782510300000E-01   8.243426280200000E-02   4.910935408900000E-01   1.314234100700000E+00
   1.482709328200000E+00   6.026008500800000E-01   3.393861039800000E-01   8.224838891300000E-02   4.911008648500000E-01   1.311390357000000E+00
   1.475609041300000E+00   6.025859200800000E-01   3.393939914200000E-01   8.206259360199999E-02   4.911081758600000E-01   1.308542576800000E+00
   1.468511620000000E+00   6.025710668000001E-01   3.394019134500000E-01   8.187687687700000E-02   4.911154739300000E-01   1.305690742400000E+00
   1.461417066500000E+00   6.025562900000000E-01   3.394098697300000E-01   8.169123872500000E-02   4.911227590600000E-01   1.302834840000000E+00
   1.454325381200000E+00   6.025415895700000E-01   3.394178602000000E-01   8.150567915900001E-02   4.911300312600000E-01   1.299974853500000E+00
   1.447236564400000E+00   6.025269654500000E-01   3.394258848200000E-01   8.132019819300000E-02   4.911372905500000E-01   1.297110766200000E+00
   1.440150617000000E+00   6.025124175100000E-01   3.394339434900000E-01   8.113479584199999E-02   4.911445369400000E-01   1.294242561900000E+00
   1.433067540300000E+00   6.024979457200000E-01   3.394420362000000E-01   8.094947215600000E-02   4.911517704500000E-01   1.291370224100000E+00
   1.425987335500000E+00   6.024835497500000E-01   3.394501625400000E-01   8.076422707700000E-02   4.911589910600000E-01   1.288493738800000E+00
   1.418910002800000E+00   6.024692297499999E-01   3.394583228000000E-01   8.057906070199999E-02   4.911661988200000E-01   1.285613086600000E+00
   1.411835544300000E+00   6.024549853600000E-01   3.394665165000000E-01   8.039397297700000E-02   4.911733937000000E-01   1.282728254300000E+00
   1.404763960200000E+00   6.024408166300000E-01   3.394747437700000E-01   8.020896396700000E-02   4.911805757300000E-01   1.279839223200000E+00
   1.397695251900000E+00   6.024267233700000E-01   3.394830044300000E-01   8.002403366999999E-02   4.911877449300000E-01   1.276945977600000E+00
   1.390629419900000E+00   6.024127055000000E-01   3.394912984100000E-01   7.983918210099999E-02   4.911949013000000E-01   1.274048500300000E+00
   1.383566467100000E+00   6.023987629599999E-01   3.394996256600000E-01   7.965440934300000E-02   4.912020448500000E-01   1.271146774700000E+00
   1.376506391800000E+00   6.023848954300000E-01   3.395079858000000E-01   7.946971526700000E-02   4.912091755900000E-01   1.268240785000000E+00
   1.369449198700000E+00   6.023711030100000E-01   3.395163790100000E-01   7.928510006500000E-02   4.912162935300000E-01   1.265330513500000E+00
   1.362394886500000E+00   6.023573855200000E-01   3.395248051400000E-01   7.910056367399999E-02   4.912233986900000E-01   1.262415942500000E+00
   1.355343457600000E+00   6.023437428900000E-01   3.395332640900000E-01   7.891610615500000E-02   4.912304910700000E-01   1.259497055100000E+00
   1.348294913500000E+00   6.023301748700000E-01   3.395417555900000E-01   7.873172749000000E-02   4.912375706800000E-01   1.256573835700000E+00
   1.341249255500000E+00   6.023166814699999E-01   3.395502797200000E-01   7.854742775400000E-02   4.912446375400000E-01   1.253646265300000E+00
   1.334206485900000E+00   6.023032625600000E-01   3.395588363200000E-01   7.836320698300001E-02   4.912516916600000E-01   1.250714327400000E+00
   1.327166603900000E+00   6.022899180000000E-01   3.395674252800000E-01   7.817906514400000E-02   4.912587330400000E-01   1.247778003500000E+00
   1.320129612600000E+00   6.022766476000000E-01   3.395760463600000E-01   7.799500227099999E-02   4.912657616900000E-01   1.244837277900000E+00
   1.313095515300000E+00   6.022634513700000E-01   3.395846996200000E-01   7.781101848600000E-02   4.912727776300000E-01   1.241892132100000E+00
   1.306064311100000E+00   6.022503291400000E-01   3.395933849100000E-01   7.762711374400000E-02   4.912797808700000E-01   1.238942547800000E+00
   1.299036002200000E+00   6.022372808000001E-01   3.396021021000000E-01   7.744328808400000E-02   4.912867714100000E-01   1.235988507500000E+00
   1.292010591200000E+00   6.022243063400000E-01   3.396108512600000E-01   7.725954161199999E-02   4.912937492800000E-01   1.233029992300000E+00
   1.284988078700000E+00   6.022114054300000E-01   3.396196319500000E-01   7.707587424300000E-02   4.913007144600000E-01   1.230066986100000E+00
   1.277968467900000E+00   6.021985781300000E-01   3.396284443200000E-01   7.689228612200000E-02   4.913076669900000E-01   1.227099469600000E+00
   1.270951760300000E+00   6.021858243300000E-01   3.396372882600000E-01   7.670877727500000E-02   4.913146068800000E-01   1.224127424100000E+00
   1.263937957100000E+00   6.021731437100000E-01   3.396461633700000E-01   7.652534764500001E-02   4.913215341100000E-01   1.221150833400000E+00
   1.256927061300000E+00   6.021605364500000E-01   3.396550699800000E-01   7.634199741800000E-02   4.913284487300000E-01   1.218169676000000E+00
   1.249919074200000E+00   6.021480022700000E-01   3.396640077300000E-01   7.615872654399999E-02   4.913353507200000E-01   1.215183935200000E+00
   1.242913998000000E+00   6.021355410100000E-01   3.396729764400000E-01   7.597553505599999E-02   4.913422401000000E-01   1.212193592900000E+00
   1.235911835600000E+00   6.021231527599999E-01   3.396819762900000E-01   7.579242309900000E-02   4.913491168900000E-01   1.209198628400000E+00
   1.228912588700000E+00   6.021108371800000E-01   3.396910068700000E-01   7.560939062100000E-02   4.913559810900000E-01   1.206199024900000E+00
   1.221916258800000E+00   6.020985942700000E-01   3.397000682300000E-01   7.542643769200000E-02   4.913628327100000E-01   1.203194762200000E+00
   1.214922849000000E+00   6.020864239500000E-01   3.397091603000000E-01   7.524356439600000E-02   4.913696717700000E-01   1.200185821100000E+00
   1.207932361500000E+00   6.020743260700000E-01   3.397182829100000E-01   7.506077076100000E-02   4.913764982800000E-01   1.197172183100000E+00
   1.200944798200000E+00   6.020623003700000E-01   3.397274357600000E-01   7.487805677200000E-02   4.913833122200000E-01   1.194153829800000E+00
   1.193960163000000E+00   6.020503469700000E-01   3.397366190700000E-01   7.469542261600000E-02   4.913901136400000E-01   1.191130740200000E+00
   1.186978456800000E+00   6.020384656400000E-01   3.397458325700000E-01   7.451286825400000E-02   4.913969025400000E-01   1.188102895500000E+00
   1.179999683300000E+00   6.020266562500000E-01   3.397550761000000E-01   7.433039376400000E-02   4.914036789200000E-01   1.185070276800000E+00
   1.173023843400000E+00   6.020149188700000E-01   3.397643498700000E-01   7.414799924000000E-02   4.914104428100000E-01   1.182032861400000E+00
   1.166050942000000E+00   6.020032531000000E-01   3.397736533100000E-01   7.396568467600000E-02   4.914171942000000E-01   1.178990634000000E+00
   1.159080980000000E+00   6.019916590300000E-01   3.397829866100000E-01   7.378345016600001E-02   4.914239331100000E-01   1.175943571500000E+00
   1.152113961300000E+00   6.019801364400000E-01   3.397923495200000E-01   7.360129576500000E-02   4.914306595400000E-01   1.172891655500000E+00
   1.145149888300000E+00   6.019686853500000E-01   3.398017421300000E-01   7.341922157399999E-02   4.914373735200000E-01   1.169834864300000E+00
   1.138188763800000E+00   6.019573055100000E-01   3.398111641200000E-01   7.323722760100000E-02   4.914440750500000E-01   1.166773179200000E+00
   1.131230590900000E+00   6.019459968799999E-01   3.398206154700000E-01   7.305531394000001E-02   4.914507641300000E-01   1.163706579100000E+00
   1.124275371800000E+00   6.019347593600000E-01   3.398300961200000E-01   7.287348064900000E-02   4.914574408000000E-01   1.160635043100000E+00
   1.117323111000000E+00   6.019235927400000E-01   3.398396058000000E-01   7.269172779700001E-02   4.914641050300000E-01   1.157558552200000E+00
   1.110373810000000E+00   6.019124970700001E-01   3.398491446500000E-01   7.251005546700000E-02   4.914707568700000E-01   1.154477083300000E+00
   1.103427473600000E+00   6.019014720700000E-01   3.398587123200000E-01   7.232846372200000E-02   4.914773963100000E-01   1.151390618100000E+00
   1.096484102600000E+00   6.018905178000000E-01   3.398683089300000E-01   7.214695262900001E-02   4.914840233700000E-01   1.148299132900000E+00
   1.089543703200000E+00   6.018796339900000E-01   3.398779341700000E-01   7.196552228000000E-02   4.914906380400000E-01   1.145202609400000E+00
   1.082606276800000E+00   6.018688205300000E-01   3.398875879100000E-01   7.178417270100000E-02   4.914972403400000E-01   1.142101025700000E+00
   1.075671826900000E+00   6.018580774500000E-01   3.398972702500000E-01   7.160290402400001E-02   4.915038303000000E-01   1.138994359100000E+00
   1.068740358000000E+00   6.018474045300000E-01   3.399069809400000E-01   7.142171632400000E-02   4.915104079100000E-01   1.135882589800000E+00
   1.061811872200000E+00   6.018368017000000E-01   3.399167199300000E-01   7.124060965500000E-02   4.915169731900000E-01   1.132765695000000E+00
   1.054886374100000E+00   6.018262688000000E-01   3.399264870200000E-01   7.105958410500000E-02   4.915235261400000E-01   1.129643654300000E+00
   1.047963866800000E+00   6.018158057400000E-01   3.399362821500000E-01   7.087863975500000E-02   4.915300667700000E-01   1.126516445300000E+00
   1.041044354400000E+00   6.018054125600000E-01   3.399461054300000E-01   7.069777676100000E-02   4.915365951200000E-01   1.123384044700000E+00
   1.034127840000000E+00   6.017950889000000E-01   3.399559563900000E-01   7.051699509800000E-02   4.915431111700000E-01   1.120246432900000E+00
   1.027214327900000E+00   6.017848347700000E-01   3.399658351000000E-01   7.033629491399999E-02   4.915496149400000E-01   1.117103586500000E+00
   1.020303822200000E+00   6.017746500400000E-01   3.399757414100000E-01   7.015567629199999E-02   4.915561064300000E-01   1.113955483800000E+00
   1.013396326300000E+00   6.017645346400000E-01   3.399856752900000E-01   6.997513933500001E-02   4.915625856700000E-01   1.110802101500000E+00
   1.006491844600000E+00   6.017544884200000E-01   3.399956365500000E-01   6.979468412299999E-02   4.915690526600000E-01   1.107643417800000E+00
   9.995903805400000E-01   6.017445112599999E-01   3.400056250900000E-01   6.961431073799999E-02   4.915755074000000E-01   1.104479409700000E+00
   9.926919386700001E-01   6.017346031200000E-01   3.400156409000000E-01   6.943401931600000E-02   4.915819499300000E-01   1.101310053900000E+00
   9.857965231300000E-01   6.017247636900001E-01   3.400256835700000E-01   6.925380987099999E-02   4.915883802200000E-01   1.098135329700000E+00
   9.789041385800000E-01   6.017149931000000E-01   3.400357533700000E-01   6.907368261700000E-02   4.915947983200000E-01   1.094955211400000E+00
   9.720147886800000E-01   6.017052911300000E-01   3.400458499900000E-01   6.889363758600001E-02   4.916012042100000E-01   1.091769677000000E+00
   9.651284773600000E-01   6.016956577700000E-01   3.400559735100000E-01   6.871367491800000E-02   4.916075979300000E-01   1.088578701600000E+00
   9.582452106000000E-01   6.016860927100000E-01   3.400661234900000E-01   6.853379467300000E-02   4.916139794600000E-01   1.085382264800000E+00
   9.513649921600000E-01   6.016765959200000E-01   3.400762999600000E-01   6.835399697199999E-02   4.916203488200000E-01   1.082180341700000E+00
   9.444878261600000E-01   6.016671673400000E-01   3.400865029000000E-01   6.817428193600000E-02   4.916267060300000E-01   1.078972907700000E+00
   9.376137180400000E-01   6.016578068400000E-01   3.400967321400000E-01   6.799464968400000E-02   4.916330511000000E-01   1.075759939700000E+00
   9.307426717700000E-01   6.016485144200000E-01   3.401069877600000E-01   6.781510035700000E-02   4.916393840400000E-01   1.072541412000000E+00
   9.238746929700000E-01   6.016392897300000E-01   3.401172692800000E-01   6.763563399100000E-02   4.916457048500000E-01   1.069317303600000E+00
   9.170097853800000E-01   6.016301327900000E-01   3.401275768000000E-01   6.745625072800000E-02   4.916520135400000E-01   1.066087588000000E+00
   9.101479551600000E-01   6.016210435500000E-01   3.401379102800000E-01   6.727695074100000E-02   4.916583101400000E-01   1.062852240900000E+00
   9.032892063200000E-01   6.016120218400000E-01   3.401482695400000E-01   6.709773410000000E-02   4.916645946400000E-01   1.059611237900000E+00
   8.964335453400000E-01   6.016030674500000E-01   3.401586543100000E-01   6.691860092599999E-02   4.916708670600000E-01   1.056364555900000E+00
   8.895809756900001E-01   6.015941804200000E-01   3.401690647100000E-01   6.673955135699999E-02   4.916771274000000E-01   1.053112167700000E+00
   8.827315033000001E-01   6.015853605900000E-01   3.401795005600000E-01   6.656058551800000E-02   4.916833756900000E-01   1.049854049200000E+00
   8.758851341200000E-01   6.015766078300000E-01   3.401899617100000E-01   6.638170354200000E-02   4.916896119200000E-01   1.046590175700000E+00
   8.690418726800000E-01   6.015679220700000E-01   3.402004481300000E-01   6.620290556000000E-02   4.916958361200000E-01   1.043320521100000E+00
   8.622017249800000E-01   6.015593031100001E-01   3.402109595400000E-01   6.602419167300000E-02   4.917020482800000E-01   1.040045061200000E+00
   8.553646962200000E-01   6.015507509600000E-01   3.402214960300000E-01   6.584556205900000E-02   4.917082484200000E-01   1.036763769000000E+00
   8.485307920700000E-01   6.015422653400000E-01   3.402320572600000E-01   6.566701679100000E-02   4.917144365500000E-01   1.033476620400000E+00
   8.417000183400000E-01   6.015338463400000E-01   3.402426433800000E-01   6.548855608300000E-02   4.917206126800000E-01   1.030183587600000E+00
   8.348723804200000E-01   6.015254937100000E-01   3.402532541000000E-01   6.531018001400000E-02   4.917267768200000E-01   1.026884645800000E+00
   8.280478850000000E-01   6.015172073800000E-01   3.402638893600000E-01   6.513188876400000E-02   4.917329289800000E-01   1.023579768800000E+00
   8.212265374600000E-01   6.015089872800000E-01   3.402745491000000E-01   6.495368247400000E-02   4.917390691700000E-01   1.020268929700000E+00
   8.144083437100000E-01   6.015008333500000E-01   3.402852332900000E-01   6.477556131300000E-02   4.917451974200000E-01   1.016952101200000E+00
   8.075933102600000E-01   6.014927452800000E-01   3.402959415200000E-01   6.459752535500000E-02   4.917513137000000E-01   1.013629259100000E+00
   8.007814426300000E-01   6.014847230800000E-01   3.403066738700000E-01   6.441957478599999E-02   4.917574180400000E-01   1.010300374900000E+00
   7.939727476600000E-01   6.014767666600001E-01   3.403174302500000E-01   6.424170978200000E-02   4.917635104600000E-01   1.006965421700000E+00
   7.871672315800000E-01   6.014688758400000E-01   3.403282104400000E-01   6.406393046300000E-02   4.917695909600000E-01   1.003624373000000E+00
   7.803649002100000E-01   6.014610506800000E-01   3.403390146000000E-01   6.388623704300000E-02   4.917756595600000E-01   1.000277199600000E+00
   7.735657613700000E-01   6.014532909000000E-01   3.403498423600000E-01   6.370862964500000E-02   4.917817162600000E-01   9.969238763200000E-01
   7.667698210500000E-01   6.014455963699999E-01   3.403606935600000E-01   6.353110840600000E-02   4.917877610700000E-01   9.935643754600000E-01
   7.599770855000000E-01   6.014379671000000E-01   3.403715683000000E-01   6.335367352900000E-02   4.917937940000000E-01   9.901986677600000E-01
   7.531875626000000E-01   6.014304028200000E-01   3.403824661900000E-01   6.317632514000000E-02   4.917998150600000E-01   9.868267275600000E-01
   7.464012572099999E-01   6.014229036199999E-01   3.403933874500000E-01   6.299906344200000E-02   4.918058242600000E-01   9.834485235700000E-01
   7.396181783300000E-01   6.014154692500000E-01   3.404043317600000E-01   6.282188860000000E-02   4.918118216200000E-01   9.800640299900000E-01
   7.328383321800001E-01   6.014080996800000E-01   3.404152991100000E-01   6.264480079699999E-02   4.918178071400000E-01   9.766732172000000E-01
   7.260617256800000E-01   6.014007947500000E-01   3.404262893300000E-01   6.246780018500000E-02   4.918237808400000E-01   9.732760569500000E-01
   7.192883666100000E-01   6.013935542600000E-01   3.404373021600000E-01   6.229088691900000E-02   4.918297427100000E-01   9.698725216100000E-01
   7.125182617200000E-01   6.013863783900000E-01   3.404483379300000E-01   6.211406128000000E-02   4.918356927900000E-01   9.664625790700000E-01
   7.057514192500000E-01   6.013792666600000E-01   3.404593959800000E-01   6.193732332700000E-02   4.918416310500000E-01   9.630462042400000E-01
   6.989878456600001E-01   6.013722192700000E-01   3.404704766600000E-01   6.176067334200000E-02   4.918475575400000E-01   9.596233642300001E-01
   6.922275496100000E-01   6.013652360100000E-01   3.404815797000000E-01   6.158411150000000E-02   4.918534722500000E-01   9.561940310700000E-01
   6.854705383300000E-01   6.013583166100001E-01   3.404927047700000E-01   6.140763791500000E-02   4.918593751900000E-01   9.527581764000000E-01
   6.787168195000000E-01   6.013514611400000E-01   3.405038520000000E-01   6.123125284600000E-02   4.918652663700000E-01   9.493157686800000E-01
   6.719664007800000E-01   6.013446694200000E-01   3.405150211900000E-01   6.105495645900000E-02   4.918711458000000E-01   9.458667783500000E-01
   6.652192910600000E-01   6.013379413200000E-01   3.405262122000000E-01   6.087874896700000E-02   4.918770134900000E-01   9.424111758400000E-01
   6.584754981299999E-01   6.013312768100000E-01   3.405374250300000E-01   6.070263059300000E-02   4.918828694600000E-01   9.389489299000000E-01
   6.517350297000000E-01   6.013246757500000E-01   3.405486595200000E-01   6.052660151600000E-02   4.918887137100000E-01   9.354800100300000E-01
   6.449978944100000E-01   6.013181380100000E-01   3.405599155500000E-01   6.035066194900000E-02   4.918945462500000E-01   9.320043856900000E-01
   6.382641004200000E-01   6.013116635100000E-01   3.405711930400000E-01   6.017481209800000E-02   4.919003670900000E-01   9.285220257300000E-01
   6.315336570600000E-01   6.013052520600000E-01   3.405824917300000E-01   5.999905216500000E-02   4.919061762400000E-01   9.250329002600000E-01
   6.248065719300000E-01   6.012989036400000E-01   3.405938116800000E-01   5.982338238000000E-02   4.919119737100000E-01   9.215369763900000E-01
   6.180828546400000E-01   6.012926180200000E-01   3.406051526100000E-01   5.964780293600000E-02   4.919177595000000E-01   9.180342242800000E-01
   6.113625135000000E-01   6.012863952700001E-01   3.406165146300000E-01   5.947231410300000E-02   4.919235336400000E-01   9.145246104300000E-01
   6.046455572500000E-01   6.012802351800000E-01   3.406278975100000E-01   5.929691606800000E-02   4.919292961300000E-01   9.110081036500000E-01
   5.979319955700000E-01   6.012741375300000E-01   3.406393009700000E-01   5.912160902500000E-02   4.919350469700000E-01   9.074846733100000E-01
   5.912218381000000E-01   6.012681023799999E-01   3.406507251600000E-01   5.894639328700000E-02   4.919407861900000E-01   9.039542857400000E-01
   5.845150926900000E-01   6.012621296500000E-01   3.406621699900000E-01   5.877126905800000E-02   4.919465137900000E-01   9.004169075400000E-01
   5.778117693100000E-01   6.012562189900000E-01   3.406736349900000E-01   5.859623648900000E-02   4.919522297600000E-01   8.968725086900000E-01
   5.711118777800001E-01   6.012503705000000E-01   3.406851203900000E-01   5.842129591600000E-02   4.919579341300000E-01   8.933210544200000E-01
   5.644154270700000E-01   6.012445840500000E-01   3.406966260300000E-01   5.824644755600000E-02   4.919636269200000E-01   8.897625115100000E-01
   5.577224280500001E-01   6.012388594200000E-01   3.407081516200000E-01   5.807169163300000E-02   4.919693081100000E-01   8.861968485200000E-01
   5.510328897000000E-01   6.012331965700000E-01   3.407196971800000E-01   5.789702840300000E-02   4.919749777300000E-01   8.826240307500000E-01
   5.443468217400000E-01   6.012275954000000E-01   3.407312625900000E-01   5.772245811500000E-02   4.919806357900000E-01   8.790440243800000E-01
   5.376642352500000E-01   6.012220557000000E-01   3.407428476100000E-01   5.754798100800000E-02   4.919862822800000E-01   8.754567969800000E-01
   5.309851398500000E-01   6.012165775500000E-01   3.407544523800000E-01   5.737359739600000E-02   4.919919172300000E-01   8.718623125400000E-01
   5.243095459300000E-01   6.012111606600000E-01   3.407660765600000E-01   5.719930747300000E-02   4.919975406400000E-01   8.682605383500001E-01
   5.176374639200000E-01   6.012058050200000E-01   3.407777201500000E-01   5.702511153900000E-02   4.920031525200000E-01   8.646514391000000E-01
   5.109689050000000E-01   6.012005104600000E-01   3.407893829600000E-01   5.685100985100000E-02   4.920087528800000E-01   8.610349810400000E-01
   5.043038783600000E-01   6.011952768000000E-01   3.408010647900000E-01   5.667700261800000E-02   4.920143417200000E-01   8.574111289200000E-01
   4.976423961800000E-01   6.011901042200000E-01   3.408127659400000E-01   5.650309025600000E-02   4.920199190800000E-01   8.537798459400000E-01
   4.936151534000000E-01   6.011870051400000E-01   3.408198519700000E-01   5.639795144000000E-02   4.920232867700000E-01   8.515799706100000E-01
   4.869593819800000E-01   6.011819298700000E-01   3.408315831800000E-01   5.622419171100000E-02   4.920288456700000E-01   8.479366925800000E-01
   4.803071831400000E-01   6.011769152799999E-01   3.408433332700000E-01   5.605052752600000E-02   4.920343931000000E-01   8.442858917600000E-01
   4.736585689500000E-01   6.011719611000000E-01   3.408551018600000E-01   5.587695911800000E-02   4.920399290600000E-01   8.406275343100000E-01
   4.670135509400000E-01   6.011670672900000E-01   3.408668889600000E-01   5.570348681000000E-02   4.920454535600000E-01   8.369615834900000E-01
   4.603721390300000E-01   6.011622336800000E-01   3.408786943500000E-01   5.553011082700000E-02   4.920509666000000E-01   8.332880026900000E-01
   4.537343471400000E-01   6.011574603099999E-01   3.408905181700000E-01   5.535683158900000E-02   4.920564682100000E-01   8.296067550500000E-01
   4.471001856200000E-01   6.011527468700000E-01   3.409023599900000E-01   5.518364926800000E-02   4.920619583700000E-01   8.259178050600000E-01
   4.404696670000000E-01   6.011480934100000E-01   3.409142199500000E-01   5.501056425700000E-02   4.920674371200000E-01   8.222211143900000E-01
   4.338428029500000E-01   6.011434996800000E-01   3.409260977100000E-01   5.483757678700000E-02   4.920729044400000E-01   8.185166469900000E-01
   4.272196065000000E-01   6.011389656400000E-01   3.409379932700000E-01   5.466468721800000E-02   4.920783603500000E-01   8.148043652600000E-01
   4.206000895300000E-01   6.011344912400000E-01   3.409499066200000E-01   5.449189588000000E-02   4.920838048700000E-01   8.110842306100000E-01
   4.139842646200000E-01   6.011300763200000E-01   3.409618375600000E-01   5.431920306900000E-02   4.920892380000000E-01   8.073562057200000E-01
   4.073721444700000E-01   6.011257207100000E-01   3.409737859100000E-01   5.414660908900000E-02   4.920946597400000E-01   8.036202529000001E-01
   4.007637421900000E-01   6.011214242800000E-01   3.409857514900000E-01   5.397411425900000E-02   4.921000701100000E-01   7.998763343200000E-01
   3.941590704100000E-01   6.011171870899999E-01   3.409977344700000E-01   5.380171897100000E-02   4.921054691200000E-01   7.961244095900000E-01
   3.875581431000000E-01   6.011130087700000E-01   3.410097343300000E-01   5.362942347800000E-02   4.921108567600000E-01   7.923644427099999E-01
   3.809609720100000E-01   6.011088894000000E-01   3.410217512700000E-01   5.345722815400000E-02   4.921162330500000E-01   7.885963920600000E-01
   3.743675720200000E-01   6.011048287200000E-01   3.410337849300000E-01   5.328513331900000E-02   4.921215980000000E-01   7.848202205200000E-01
   3.677779559900000E-01   6.011008268600000E-01   3.410458355700000E-01   5.311313939800000E-02   4.921269516300000E-01   7.810358860300000E-01
   3.611921383100000E-01   6.010968834100000E-01   3.410579026000000E-01   5.294124663200000E-02   4.921322939200000E-01   7.772433519500000E-01
   3.546101314400000E-01   6.010929985300000E-01   3.410699863800000E-01   5.276945546000000E-02   4.921376249100000E-01   7.734425748000000E-01
   3.480319514200000E-01   6.010891718900000E-01   3.410820863900000E-01   5.259776619000000E-02   4.921429445800000E-01   7.696335177400000E-01
   3.414576115500000E-01   6.010854034400001E-01   3.410942026600000E-01   5.242617919600000E-02   4.921482529500000E-01   7.658161389500000E-01
   3.348871254400000E-01   6.010816931800000E-01   3.411063352300000E-01   5.225469486600000E-02   4.921535500300000E-01   7.619903964100000E-01
   3.283205088400000E-01   6.010780408000000E-01   3.411184836700000E-01   5.208331352000000E-02   4.921588358200000E-01   7.581562516600000E-01
   3.217577763500000E-01   6.010744462600000E-01   3.411306480100000E-01   5.191203556600000E-02   4.921641103400000E-01   7.543136626200000E-01
   3.151989423200000E-01   6.010709095300000E-01   3.411428282200000E-01   5.174086139800000E-02   4.921693735900000E-01   7.504625869300000E-01
   3.086440219200000E-01   6.010674304500000E-01   3.411550241400000E-01   5.156979138800000E-02   4.921746255800000E-01   7.466029833100000E-01
   3.020930308100000E-01   6.010640088300000E-01   3.411672355300000E-01   5.139882590300000E-02   4.921798663100000E-01   7.427348107800000E-01
   2.955459835100000E-01   6.010606446700000E-01   3.411794624600000E-01   5.122796536600000E-02   4.921850958000000E-01   7.388580254800000E-01
   2.890028968600000E-01   6.010573376800000E-01   3.411917045100000E-01   5.105721012600000E-02   4.921903140500000E-01   7.349725875000001E-01
   2.824637857100000E-01   6.010540879600000E-01   3.412039619400000E-01   5.088656066000000E-02   4.921955210700000E-01   7.310784514599999E-01
   2.759286663400000E-01   6.010508952000000E-01   3.412162342700000E-01   5.071601729200000E-02   4.922007168600000E-01   7.271755765700000E-01
   2.693975545000000E-01   6.010477595000000E-01   3.412285217800000E-01   5.054558052900000E-02   4.922059014500000E-01   7.232639172400001E-01
   2.628704671100000E-01   6.010446805100000E-01   3.412408239400000E-01   5.037525069500000E-02   4.922110748200000E-01   7.193434326300000E-01
   2.563474198800000E-01   6.010416582700000E-01   3.412531408800000E-01   5.020502825700000E-02   4.922162369900000E-01   7.154140771500000E-01
   2.498284301300000E-01   6.010386925500000E-01   3.412654723100000E-01   5.003491361500000E-02   4.922213879600000E-01   7.114758081600000E-01
   2.433135143500000E-01   6.010357834000000E-01   3.412778183900000E-01   4.986490725900000E-02   4.922265277500000E-01   7.075285797100000E-01
   2.368026893000000E-01   6.010329305600000E-01   3.412901787600000E-01   4.969500956100000E-02   4.922316563700000E-01   7.035723483400000E-01
   2.302959737800000E-01   6.010301339200000E-01   3.413025532900000E-01   4.952522099800000E-02   4.922367738000000E-01   6.996070703000000E-01
   2.237933830500000E-01   6.010273934200000E-01   3.413149419700000E-01   4.935554199100000E-02   4.922418800700000E-01   6.956326985900000E-01
   2.172949361200000E-01   6.010247088200000E-01   3.413273445000000E-01   4.918597297700000E-02   4.922469751800000E-01   6.916491897700000E-01
   2.108006502100000E-01   6.010220802600000E-01   3.413397611300000E-01   4.901651449900000E-02   4.922520591500000E-01   6.876564957800000E-01
   2.043105433600000E-01   6.010195073600000E-01   3.413521913500000E-01   4.884716691000000E-02   4.922571319600000E-01   6.836545730100000E-01
   1.978246338800000E-01   6.010169900700000E-01   3.413646351500000E-01   4.867793071700000E-02   4.922621936400000E-01   6.796433746600000E-01
   1.913429410100000E-01   6.010145283100000E-01   3.413770924400000E-01   4.850880641800000E-02   4.922672441800000E-01   6.756228546900001E-01
   1.848654820600000E-01   6.010121219900000E-01   3.413895631800000E-01   4.833979447700000E-02   4.922722836000000E-01   6.715929652000000E-01
   1.783922764700000E-01   6.010097709500000E-01   3.414020471600000E-01   4.817089537300000E-02   4.922773119000000E-01   6.675536600500001E-01
   1.719233431400000E-01   6.010074749600000E-01   3.414145440700000E-01   4.800210954200000E-02   4.922823290800000E-01   6.635048928600000E-01
   1.654587018200000E-01   6.010052341000000E-01   3.414270541500000E-01   4.783343758200000E-02   4.922873351600000E-01   6.594466146200000E-01
   1.589983713200000E-01   6.010030482199999E-01   3.414395771800000E-01   4.766487995700000E-02   4.922923301500000E-01   6.553787775100000E-01
   1.525423721900000E-01   6.010009169400000E-01   3.414521126400000E-01   4.749643708800000E-02   4.922973140300000E-01   6.513013361400000E-01
   1.460907231000000E-01   6.009988405600000E-01   3.414646610900000E-01   4.732810963100000E-02   4.923022868400000E-01   6.472142378200000E-01
   1.396434452700000E-01   6.009968185400000E-01   3.414772217100000E-01   4.715989795500000E-02   4.923072485500000E-01   6.431174381600000E-01
   1.332005579900000E-01   6.009948511100000E-01   3.414897949600000E-01   4.699180270100000E-02   4.923121992000000E-01   6.390108846300000E-01
   1.267620829400000E-01   6.009929378500000E-01   3.415023802400000E-01   4.682382430900000E-02   4.923171387600000E-01   6.348945310900000E-01
   1.203280408600000E-01   6.009910788300000E-01   3.415149776900000E-01   4.665596338300000E-02   4.923220672700000E-01   6.307683266200000E-01
   1.138984513700000E-01   6.009892738800000E-01   3.415275871800000E-01   4.648822041800000E-02   4.923269847200000E-01   6.266322206700000E-01
   1.074733377800000E-01   6.009875228300000E-01   3.415402084500000E-01   4.632059598500000E-02   4.923318911100000E-01   6.224861650800000E-01
   1.010527197700000E-01   6.009858257400000E-01   3.415528416700000E-01   4.615309066900000E-02   4.923367864700000E-01   6.183301068000000E-01
   9.463662019200000E-02   6.009841821600000E-01   3.415654862200000E-01   4.598570492300000E-02   4.923416707700000E-01   6.141639984700000E-01
   8.822506057800000E-02   6.009825922699999E-01   3.415781424400000E-01   4.581843942900000E-02   4.923465440400000E-01   6.099877864300000E-01
   8.181806308900000E-02   6.009810558200001E-01   3.415908099900000E-01   4.565129470100000E-02   4.923514062900000E-01   6.058014204800000E-01
   7.541565076700001E-02   6.009795726500000E-01   3.416034887100000E-01   4.548427132400000E-02   4.923562575000000E-01   6.016048496400001E-01
   6.901784616200000E-02   6.009781426200000E-01   3.416161784500000E-01   4.531736987000000E-02   4.923610976900000E-01   5.973980221100000E-01
   6.262467159600001E-02   6.009767657400000E-01   3.416288792700000E-01   4.515059096700000E-02   4.923659268700000E-01   5.931808843700000E-01
   5.623615099000000E-02   6.009754416899999E-01   3.416415907500000E-01   4.498393515700000E-02   4.923707450300000E-01   5.889533858800000E-01
   4.985230712200000E-02   6.009741705500000E-01   3.416543130900000E-01   4.481740310700000E-02   4.923755521900000E-01   5.847154719400000E-01
   4.347316408000000E-02   6.009729520900000E-01   3.416670459900000E-01   4.465099539900000E-02   4.923803483500000E-01   5.804670905000000E-01
   3.709874592600000E-02   6.009717861600000E-01   3.416797892900000E-01   4.448471264000000E-02   4.923851335100000E-01   5.762081885500000E-01
   3.072907715600000E-02   6.009706726800000E-01   3.416925429000000E-01   4.431855548100000E-02   4.923899076800000E-01   5.719387122900000E-01
   2.436418180500000E-02   6.009696115399999E-01   3.417053067800000E-01   4.415252455700000E-02   4.923946708600000E-01   5.676586071900001E-01
   1.800408510200000E-02   6.009686024799999E-01   3.417180805300000E-01   4.398662045600000E-02   4.923994230500000E-01   5.633678204900000E-01
   1.164881141400000E-02   6.009676456100000E-01   3.417308644300000E-01   4.382084390800000E-02   4.924041642800000E-01   5.590662953400000E-01
   5.298386822400000E-03   6.009667405700000E-01   3.417436579800000E-01   4.365519549500000E-02   4.924088945300000E-01   5.547539791000000E-01
  -1.047163216800000E-03   6.009658872600000E-01   3.417564610900000E-01   4.348967588300000E-02   4.924136137900000E-01   5.504308163400000E-01
  -7.387813498100000E-03   6.009650857500000E-01   3.417692739300000E-01   4.332428580200000E-02   4.924183221100000E-01   5.460967497500000E-01
  -1.372353712100000E-02   6.009643356800000E-01   3.417820960300000E-01   4.315902585700000E-02   4.924230194500000E-01   5.417517256900000E-01
  -2.005430756900000E-02   6.009636370300000E-01   3.417949274000000E-01   4.299389677700000E-02   4.924277058300000E-01   5.373956873900000E-01
  -2.638009832700000E-02   6.009629896100001E-01   3.418077678500000E-01   4.282889922500000E-02   4.924323812600000E-01   5.330285786900000E-01
  -3.270088243300000E-02   6.009623933500000E-01   3.418206173100000E-01   4.266403391900000E-02   4.924370457400000E-01   5.286503425200000E-01
  -3.901663282700000E-02   6.009618481000000E-01   3.418334756300000E-01   4.249930155300000E-02   4.924416992700000E-01   5.242609218199999E-01
  -4.532732141700000E-02   6.009613537400000E-01   3.418463427000000E-01   4.233470285900000E-02   4.924463418500000E-01   5.198602595000000E-01
  -5.163292039500000E-02   6.009609100300000E-01   3.418592182100000E-01   4.217023851200000E-02   4.924509734900000E-01   5.154482986900000E-01
  -5.793340146500000E-02   6.009605169800000E-01   3.418721022600000E-01   4.200590930500000E-02   4.924555941900000E-01   5.110249804600000E-01
  -6.422873652600000E-02   6.009601744100000E-01   3.418849946200000E-01   4.184171593800000E-02   4.924602039600000E-01   5.065902467500000E-01
  -7.051889592900000E-02   6.009598821500000E-01   3.418978951300000E-01   4.167765917700000E-02   4.924648028000000E-01   5.021440396400000E-01
  -7.680385165000000E-02   6.009596401400000E-01   3.419108037300000E-01   4.151373976600000E-02   4.924693907000000E-01   4.976862991800000E-01
  -8.308357302800000E-02   6.009594480600000E-01   3.419237200200000E-01   4.134995842600000E-02   4.924739676700000E-01   4.932169682900000E-01
  -8.935803077000000E-02   6.009593059900000E-01   3.419366442100000E-01   4.118631601100000E-02   4.924785337300000E-01   4.887359855500000E-01
  -9.562719499600000E-02   6.009592137000001E-01   3.419495759800000E-01   4.102281324500000E-02   4.924830888600000E-01   4.842432918800000E-01
  -1.018910347000000E-01   6.009591709500000E-01   3.419625150700000E-01   4.085945089800000E-02   4.924876330600000E-01   4.797388281500000E-01
  -1.081495203300000E-01   6.009591778600000E-01   3.419754617200000E-01   4.069622983700000E-02   4.924921663500000E-01   4.752225314300000E-01
  -1.144026190900000E-01   6.009592340200000E-01   3.419884153500000E-01   4.053315079700000E-02   4.924966887200000E-01   4.706943441200000E-01
  -1.206503008700000E-01   6.009593395100000E-01   3.420013762100000E-01   4.037021465700000E-02   4.925012001800000E-01   4.661542026500000E-01
  -1.268925332900000E-01   6.009594939900000E-01   3.420143438000000E-01   4.020742216500000E-02   4.925057007300000E-01   4.616020476500000E-01
  -1.331292844400000E-01   6.009596975800000E-01   3.420273184200000E-01   4.004477426100000E-02   4.925101903800000E-01   4.570378155100000E-01
  -1.393605216100000E-01   6.009599497700000E-01   3.420402993300000E-01   3.988227163900000E-02   4.925146691000000E-01   4.524614469700000E-01
  -1.455862126100000E-01   6.009602507700000E-01   3.420532869300000E-01   3.971991527400000E-02   4.925191369200000E-01   4.478728770700000E-01
  -1.518063232800000E-01   6.009606001900000E-01   3.420662807100000E-01   3.955770595400000E-02   4.925235938300000E-01   4.432720455800000E-01
  -1.580208212800000E-01   6.009609980700000E-01   3.420792808000000E-01   3.939564459300000E-02   4.925280398500000E-01   4.386588875900000E-01
  -1.642296717100000E-01   6.009614441100000E-01   3.420922868200000E-01   3.923373203300000E-02   4.925324749500000E-01   4.340333416800000E-01
  -1.704328410100000E-01   6.009619382900000E-01   3.421052988100000E-01   3.907196919000000E-02   4.925368991500000E-01   4.293953431700000E-01
  -1.766302946900000E-01   6.009624804800000E-01   3.421183166500000E-01   3.891035696900000E-02   4.925413124600000E-01   4.247448280700000E-01
  -1.828219969600000E-01   6.009630702800000E-01   3.421313397900000E-01   3.874889619200000E-02   4.925457148500000E-01   4.200817345700000E-01
  -1.890079132600000E-01   6.009637079100000E-01   3.421443686800000E-01   3.858758790900000E-02   4.925501063600000E-01   4.154059953100000E-01
  -1.951880075300000E-01   6.009643929000000E-01   3.421574026400000E-01   3.842643292000000E-02   4.925544869500000E-01   4.107175480100000E-01
  -2.013622439300000E-01   6.009651253400000E-01   3.421704419000000E-01   3.826543225300000E-02   4.925588566500000E-01   4.060163259500000E-01
  -2.075305857100000E-01   6.009659049500000E-01   3.421834861100000E-01   3.810458681000000E-02   4.925632154500000E-01   4.013022648900000E-01
  -2.136929961600000E-01   6.009667315800000E-01   3.421965351200000E-01   3.794389754300000E-02   4.925675633400000E-01   3.965752991200000E-01
  -2.198494381800000E-01   6.009676051900000E-01   3.422095889500000E-01   3.778336545800000E-02   4.925719003400000E-01   3.918353620000000E-01
  -2.259998737500000E-01   6.009685255000000E-01   3.422226472700000E-01   3.762299149500000E-02   4.925762264400000E-01   3.870823883600000E-01
  -2.321442648900000E-01   6.009694924200000E-01   3.422357099800000E-01   3.746277665700000E-02   4.925805416300000E-01   3.823163114600000E-01
  -2.382825738300000E-01   6.009705058400000E-01   3.422487770300000E-01   3.730272195000000E-02   4.925848459300000E-01   3.775370636200000E-01
  -2.444147611700000E-01   6.009715655100000E-01   3.422618481100000E-01   3.714282835700000E-02   4.925891393200000E-01   3.727445788300000E-01
  -2.505407872500000E-01   6.009726712700000E-01   3.422749230500000E-01   3.698309690200000E-02   4.925934218100000E-01   3.679387901300000E-01
  -2.566606133000000E-01   6.009738230400000E-01   3.422880018200000E-01   3.682352862400000E-02   4.925976933900000E-01   3.631196287600000E-01
  -2.627741986000000E-01   6.009750206500000E-01   3.423010842200000E-01   3.666412457400000E-02   4.926019540700000E-01   3.582870273900000E-01
  -2.688815027700000E-01   6.009762638700000E-01   3.423141700200000E-01   3.650488577700000E-02   4.926062038300000E-01   3.534409180800000E-01
  -2.749824852500000E-01   6.009775526400000E-01   3.423272591900000E-01   3.634581332000000E-02   4.926104426900000E-01   3.485812316000000E-01
  -2.810771049100000E-01   6.009788868900000E-01   3.423403517000000E-01   3.618690831000000E-02   4.926146706600000E-01   3.437078985200000E-01
  -2.871653186400000E-01   6.009802660800000E-01   3.423534468300000E-01   3.602817171700000E-02   4.926188876800000E-01   3.388208529300000E-01
  -2.932470861200000E-01   6.009816905199999E-01   3.423665451400000E-01   3.586960477600000E-02   4.926230938200000E-01   3.339200214400000E-01
  -2.993223630300000E-01   6.009831597200000E-01   3.423796459600000E-01   3.571120850600000E-02   4.926272890200000E-01   3.290053376700000E-01
  -3.053911074600000E-01   6.009846737400000E-01   3.423927494600000E-01   3.555298408600000E-02   4.926314733200000E-01   3.240767295900000E-01
  -3.114532752000000E-01   6.009862321900000E-01   3.424058551500000E-01   3.539493257700000E-02   4.926356466900000E-01   3.191341288400000E-01
  -3.175088223900000E-01   6.009878350500000E-01   3.424189630700000E-01   3.523705517300000E-02   4.926398091400000E-01   3.141774642700000E-01
  -3.235577048500000E-01   6.009894820900000E-01   3.424320729800000E-01   3.507935300400000E-02   4.926439606600000E-01   3.092066652700000E-01
  -3.295998775800000E-01   6.009911732400000E-01   3.424451848400000E-01   3.492182726900000E-02   4.926481012500000E-01   3.042216606700000E-01
  -3.356352948300000E-01   6.009929081700000E-01   3.424582982600000E-01   3.476447910100000E-02   4.926522309100000E-01   2.992223804400000E-01
  -3.416639119100000E-01   6.009946868800000E-01   3.424714133200000E-01   3.460730972800000E-02   4.926563496300000E-01   2.942087514100000E-01
  -3.476856813100000E-01   6.009965091300000E-01   3.424845297400000E-01   3.445032035400000E-02   4.926604574200000E-01   2.891807034200000E-01
  -3.537005569300000E-01   6.009983747300000E-01   3.424976473300000E-01   3.429351217500000E-02   4.926645542600000E-01   2.841381641100000E-01
  -3.597084916500000E-01   6.010002835100000E-01   3.425107659200000E-01   3.413688641300000E-02   4.926686401500000E-01   2.790810613300000E-01
  -3.657094372500000E-01   6.010022353100000E-01   3.425238853800000E-01   3.398044433400000E-02   4.926727151000000E-01   2.740093230700000E-01
  -3.717033463400000E-01   6.010042299900000E-01   3.425370055700000E-01   3.382418717900000E-02   4.926767790900000E-01   2.689228760200000E-01
  -3.776901697600000E-01   6.010062674300000E-01   3.425501264100000E-01   3.366811625200000E-02   4.926808321300000E-01   2.638216475400000E-01
  -3.836698584100000E-01   6.010083473000000E-01   3.425632474700000E-01   3.351223276600000E-02   4.926848741900000E-01   2.587055653700000E-01
  -3.896423626200000E-01   6.010104694700000E-01   3.425763686900000E-01   3.335653803600000E-02   4.926889052900000E-01   2.535745560700000E-01
  -3.956076321200000E-01   6.010126337300000E-01   3.425894898200000E-01   3.320103335600000E-02   4.926929254200000E-01   2.484285465100000E-01
  -4.015656164600000E-01   6.010148400200001E-01   3.426026108700000E-01   3.304572008600000E-02   4.926969345700000E-01   2.432674623700000E-01
  -4.075162648900000E-01   6.010170881200000E-01   3.426157316300000E-01   3.289059953900000E-02   4.927009327400000E-01   2.380912296400000E-01
  -4.134595251300000E-01   6.010193777800000E-01   3.426288517800000E-01   3.273567303700000E-02   4.927049199100000E-01   2.328997752800000E-01
  -4.193953458300000E-01   6.010217089300000E-01   3.426419713500000E-01   3.258094196900000E-02   4.927088961000000E-01   2.276930238600000E-01
  -4.253236732900000E-01   6.010240812099999E-01   3.426550898600000E-01   3.242640766000000E-02   4.927128612800000E-01   2.224709027300000E-01
  -4.312444553000000E-01   6.010264946500000E-01   3.426682074900000E-01   3.227207156200000E-02   4.927168154700000E-01   2.172333355100000E-01
  -4.371576372800000E-01   6.010289488300000E-01   3.426813236700000E-01   3.211793499100000E-02   4.927207586300000E-01   2.119802493700000E-01
  -4.430631655500000E-01   6.010314437299999E-01   3.426944385200000E-01   3.196399942400000E-02   4.927246907800000E-01   2.067115681900000E-01
  -4.489609857400000E-01   6.010339791600000E-01   3.427075518200000E-01   3.181026627300000E-02   4.927286119100000E-01   2.014272166600000E-01
  -4.548510419800000E-01   6.010365548700000E-01   3.427206633000000E-01   3.165673696300000E-02   4.927325220000000E-01   1.961271204600000E-01
  -4.607332783200000E-01   6.010391706500000E-01   3.427337727600000E-01   3.150341295400000E-02   4.927364210600000E-01   1.908112044300000E-01
  -4.666076391900000E-01   6.010418263700000E-01   3.427468801100000E-01   3.135029571400000E-02   4.927403090700000E-01   1.854793922200000E-01
  -4.724740670500000E-01   6.010445217900000E-01   3.427599850800000E-01   3.119738672000000E-02   4.927441860300000E-01   1.801316091200000E-01
  -4.783325045400000E-01   6.010472567300000E-01   3.427730875200000E-01   3.104468747900000E-02   4.927480519300000E-01   1.747677793000000E-01
  -4.841828941000000E-01   6.010500309900000E-01   3.427861872300000E-01   3.089219948600000E-02   4.927519067600000E-01   1.693878266800000E-01
  -4.900251770100000E-01   6.010528444100000E-01   3.427992840800000E-01   3.073992428800000E-02   4.927557505200000E-01   1.639916754200000E-01
  -4.958592940800000E-01   6.010556967200000E-01   3.428123777600000E-01   3.058786339500000E-02   4.927595831900000E-01   1.585792500100000E-01
  -5.016851858000000E-01   6.010585877500000E-01   3.428254681400000E-01   3.043601837300000E-02   4.927634047700000E-01   1.531504741800000E-01
  -5.075027918200000E-01   6.010615172500000E-01   3.428385549600000E-01   3.028439077900000E-02   4.927672152500000E-01   1.477052721300000E-01
  -5.133120518900000E-01   6.010644851500000E-01   3.428516382200000E-01   3.013298223100000E-02   4.927710146300000E-01   1.422435668700000E-01
  -5.191129042900000E-01   6.010674911300000E-01   3.428647175500000E-01   2.998179429600000E-02   4.927748028900000E-01   1.367652829400000E-01
  -5.249052876700000E-01   6.010705350200000E-01   3.428777928200000E-01   2.983082858700000E-02   4.927785800200000E-01   1.312703435000000E-01
  -5.306891388700000E-01   6.010736165600000E-01   3.428908637300000E-01   2.968008672400000E-02   4.927823460200000E-01   1.257586731900000E-01
  -5.364643957700000E-01   6.010767356700000E-01   3.429039303000000E-01   2.952957038600000E-02   4.927861008800000E-01   1.202301944300000E-01
  -5.422309939600000E-01   6.010798919200000E-01   3.429169920000000E-01   2.937928116200000E-02   4.927898445700000E-01   1.146848324200000E-01
  -5.479888702100000E-01   6.010830853900000E-01   3.429300490700000E-01   2.922922081500000E-02   4.927935771100000E-01   1.091225091000000E-01
  -5.537379590000000E-01   6.010863155400000E-01   3.429431007800000E-01   2.907939092100000E-02   4.927972984700000E-01   1.035431499900000E-01
  -5.594781958000000E-01   6.010895824800000E-01   3.429561474800000E-01   2.892979330100000E-02   4.928010086500000E-01   9.794667705700000E-02
  -5.652095141300000E-01   6.010928857200000E-01   3.429691885100000E-01   2.878042956900000E-02   4.928047076400000E-01   9.233301555900000E-02
  -5.709318481800000E-01   6.010962251900001E-01   3.429822239100000E-01   2.863130151100000E-02   4.928083954200000E-01   8.670208820600001E-02
  -5.766451304200000E-01   6.010996005900000E-01   3.429952533300000E-01   2.848241084500000E-02   4.928120719800000E-01   8.105381966100000E-02
  -5.823492934500000E-01   6.011030117000000E-01   3.430082766000000E-01   2.833375933800000E-02   4.928157373200000E-01   7.538813362100000E-02
  -5.880442696900000E-01   6.011064584700000E-01   3.430212937500000E-01   2.818534881800000E-02   4.928193914300000E-01   6.970495311200001E-02
  -5.937299894500000E-01   6.011099404500000E-01   3.430343042200000E-01   2.803718101100000E-02   4.928230342800000E-01   6.400420378400000E-02
  -5.994063839900000E-01   6.011134574800000E-01   3.430473079200000E-01   2.788925773600000E-02   4.928266658700000E-01   5.828580910500000E-02
  -6.050733834100001E-01   6.011170093900000E-01   3.430603047200000E-01   2.774158084400000E-02   4.928302862000000E-01   5.254969325400000E-02
  -6.107309170900000E-01   6.011205959100000E-01   3.430732943500000E-01   2.759415215800000E-02   4.928338952400000E-01   4.679578095800000E-02
  -6.163789140800000E-01   6.011242168099999E-01   3.430862766000000E-01   2.744697353200000E-02   4.928374929800000E-01   4.102399672800000E-02
  -6.220173023700000E-01   6.011278718000000E-01   3.430992511400000E-01   2.730004681400000E-02   4.928410794200000E-01   3.523426589300000E-02
  -6.276460099000000E-01   6.011315607100000E-01   3.431122178800000E-01   2.715337391500000E-02   4.928446545300000E-01   2.942651306900000E-02
  -6.332649640400000E-01   6.011352832800000E-01   3.431251765600000E-01   2.700695672100000E-02   4.928482183200000E-01   2.360066332400000E-02
  -6.388740912799999E-01   6.011390393100000E-01   3.431381270200000E-01   2.686079716400000E-02   4.928517707600000E-01   1.775664206500000E-02
  -6.444733175500000E-01   6.011428284700000E-01   3.431510689000000E-01   2.671489713700000E-02   4.928553118300000E-01   1.189437520500000E-02
  -6.500625684500000E-01   6.011466505600001E-01   3.431640020300000E-01   2.656925860100000E-02   4.928588415400000E-01   6.013788322000000E-03
  -6.556417687600000E-01   6.011505054000000E-01   3.431769263100000E-01   2.642388354500000E-02   4.928623598600000E-01   1.148075347000000E-04
  -6.612108429900000E-01   6.011543927500000E-01   3.431898415100000E-01   2.627877393900000E-02   4.928658667900000E-01  -5.802641016200000E-03
  -6.667697139900000E-01   6.011583121600000E-01   3.432027470700000E-01   2.613393171000000E-02   4.928693623000000E-01  -1.173862938600000E-02
  -6.723183058300000E-01   6.011622636300000E-01   3.432156431800000E-01   2.598935894600000E-02   4.928728463900000E-01  -1.769323200100000E-02
  -6.778565403700000E-01   6.011662467400000E-01   3.432285293400000E-01   2.584505761400000E-02   4.928763190400000E-01  -2.366652049900000E-02
  -6.833843401900001E-01   6.011702613500000E-01   3.432414054800000E-01   2.570102977900000E-02   4.928797802300000E-01  -2.965856801800000E-02
  -6.889016257400000E-01   6.011743070000000E-01   3.432542710600000E-01   2.555727743100000E-02   4.928832299400000E-01  -3.566944520400000E-02
  -6.944083193200000E-01   6.011783837900000E-01   3.432671264200000E-01   2.541380275000000E-02   4.928866681900000E-01  -4.169922566000000E-02
  -6.999043395500000E-01   6.011824910700000E-01   3.432799706800000E-01   2.527060769100000E-02   4.928900949300000E-01  -4.774797827400000E-02
  -7.053896071000000E-01   6.011866288000000E-01   3.432928039900000E-01   2.512769442400000E-02   4.928935101500000E-01  -5.381577509800000E-02
  -7.108640412800000E-01   6.011907967600000E-01   3.433056261400000E-01   2.498506505800000E-02   4.928969138600000E-01  -5.990268660800000E-02
  -7.163275597100000E-01   6.011949944500000E-01   3.433184365400000E-01   2.484272165400000E-02   4.929003060100000E-01  -6.600878137700000E-02
  -7.217800815199999E-01   6.011992219000000E-01   3.433312354300000E-01   2.470066644700000E-02   4.929036866100000E-01  -7.213413020400000E-02
  -7.272215232700000E-01   6.012034785900000E-01   3.433440221300000E-01   2.455890150000000E-02   4.929070556300000E-01  -7.827880066900000E-02
  -7.326518022500000E-01   6.012077643300000E-01   3.433567965800000E-01   2.441742901500000E-02   4.929104130600000E-01  -8.444286157200000E-02
  -7.380708353300000E-01   6.012120789600000E-01   3.433695586600000E-01   2.427625119800000E-02   4.929137588900000E-01  -9.062638122500000E-02
  -7.434785377300001E-01   6.012164220400000E-01   3.433823079100000E-01   2.413537019800000E-02   4.929170930900000E-01  -9.682942604500000E-02
  -7.488748250900000E-01   6.012207934100000E-01   3.433950442200000E-01   2.399478825900000E-02   4.929204156500000E-01  -1.030520630000000E-01
  -7.542596116500000E-01   6.012251926100000E-01   3.434077671000000E-01   2.385450755200000E-02   4.929237265500000E-01  -1.092943574000000E-01
  -7.571733724900001E-01   6.012275886600000E-01   3.434146574700000E-01   2.377860100800000E-02   4.929255162200000E-01  -1.126859685600000E-01

